set C := 1, 2, 3;

param Pr := 30397.5; #0.3 atm

param cPr : 	1			2			3 :=
			1	83.79737	112.2405	91.44217		
			2	-6513.959	-7636.596	-7832.167		
			3	-9.325717 	-14.50891	-10.2817		
			4	7.091413e-6	0.01436147	6.317976e-6		
			5	2		1 		2;
			
param Tref := 298;

param cH : 		1			2			3 :=
			1	43535.144	40419.06	46413.89	
			2	230323.05	292214.3	336708.8	
			3	683.07662	472.7469	380.5709	
			4	82982.783	210647.3	300361.2 	
			5	788.0827	539.575		444.8773;
				
param ch : 		1			2			3 :=

var V [*,*] (tr)
:         1             2         :=
1    78.34114899   48.24227931
2    79.05090642   48.49428986
3    79.73739691   48.57685065
4    80.2481883    48.60278916
5    80.56909392   48.61083114
6    80.75131453   48.61331303
7    80.84909457   48.61407685
8    80.89999969   48.61430993
9    80.92608546   48.61437783
10   80.93934043   48.61439209
11   80.94603622   48.61438484
12   80.94938337   48.61436271
13   80.95098775   48.61432066
14   80.95159558   48.6142457
15   80.95142481   48.61411344
16   80.95020859   48.61388052
17   80.94692286   48.61347053
18   80.93896446   48.61274932
19   80.92019282   48.61148183
20   80.87671295   48.60925798
21   80.77932987   48.60536764
22   80.57739552   48.59859712
23   80.22817712   48.58692074
24   79.84855402   48.5671026
25   79.93310899   48.53439345
26   79.93310899   48.48298651
27   79.93310899   48.40883483
28   79.933109     48.31706912
29   79.933109     48.23291688
30   79.933109     48.20337188
31   79.93310901   48.27056956
32   79.93310901   48.4306855
33   79.93310901   48.63133375
34   79.93310902   48.81501962
35   79.93310902   52.44281303
36   79.93310902   52.45543784
37   79.93310903   52.46967117
38   79.93310904   52.48559522
39   79.93310909   52.50325812
40   79.93310928   52.52266331
41   79.93311005   52.54375968
42   79.93311316   52.56643484
43   79.93312583   52.59051602
44   79.93317747   52.61579238
45   79.93338794   52.64211029
46   79.93424533   52.66974696
47   79.93773257   52.70090199
48   79.95185498   52.74589699
49   80.00981633   52.85131279
50    0             0
;

var y [1,*,*]
:           1                2               3          :=
1    -1.346249039e-09   0.3940497956   0.6059502058
2    -2.581569767e-09   0.545667524    0.4543324786
3    -2.826774538e-09   0.6576826375   0.3423173653
4    -1.912344428e-09   0.7286976803   0.2713023216
5     9.3436198e-09     0.7693894962   0.2306104944
6     3.738335288e-08   0.7913550262   0.2086449365
7     1.046307719e-07   0.8028293811   0.1971705142
8     2.660786022e-07   0.8087204209   0.191279313
9     6.511965015e-07   0.8117178356   0.1882815132
10    1.567100454e-06   0.8132355313   0.1867629016
11    3.742049662e-06   0.8140010763   0.1859951816
12    8.899662405e-06   0.8143840654   0.1856070349
13    2.112300793e-05   0.814569119    0.185409758
14    5.008483836e-05   0.8146431193   0.1853067959
15    0.0001187079484   0.8146346357   0.1852466563
16    0.0002812859628   0.8145218555   0.1851968585
17    0.0006663344983   0.8142080343   0.1851256312
18    0.001577594957    0.8134418121   0.1849805929
19    0.003730364166    0.811619859    0.1846497769
20    0.008794789485    0.8073278303   0.1838773802
21    0.02059210467     0.7973272801   0.1820806153
22    0.04745196143     0.774559262    0.1779887766
23    0.1055272362      0.7253424452   0.1691303186
24    0.2180217448      0.6300557614   0.1519224938
25    0.3950076713      0.4802878046   0.1247045241
26    0.3950076713      0.4802878046   0.1247045241
27    0.3950076713      0.4802878046   0.1247045241
28    0.3950076713      0.4802878046   0.1247045241
29    0.3950076713      0.4802878046   0.1247045241
30    0.3950076713      0.4802878046   0.1247045242
31    0.3950076713      0.4802878046   0.1247045242
32    0.3950076712      0.4802878046   0.1247045242
33    0.3950076712      0.4802878046   0.1247045242
34    0.3950076712      0.4802878046   0.1247045242
35    0.3950076712      0.4802878046   0.1247045242
36    0.3950076712      0.4802878046   0.1247045242
37    0.3950076713      0.4802878048   0.1247045239
38    0.3950076714      0.4802878056   0.124704523
39    0.3950076717      0.480287809    0.1247045193
40    0.3950076731      0.4802878227   0.1247045042
41    0.3950076788      0.4802878787   0.1247044425
42    0.395007702       0.4802881069   0.124704191
43    0.3950077969      0.4802890373   0.1247031658
44    0.3950081855      0.4802928283   0.1246989862
45    0.3950097982      0.4803082568   0.124681945
46    0.3950168076      0.4803707671   0.1246124253
47    0.3950519851      0.4806197539   0.1243282609
48    0.3952953247      0.4815459795   0.1231586958
49    0.3977805841      0.4839803622   0.1182390536
50    0.4285714173      0.4747063957   0.09672219752

 [2,*,*]
:           1                2               3           :=
1    -1.470218769e-08   0.8903430763   0.1096569384
2    -2.497687682e-08   0.9283364901   0.07166353488
3    -2.2913433e-08     0.9403578992   0.05964212367
4    -4.529653351e-09   0.9440929364   0.05590706812
5     1.233289356e-07   0.9452467225   0.05475315416
6     3.522455611e-07   0.9456023663   0.0543972815
7     7.664163752e-07   0.945711658    0.05428757558
8     1.511531598e-06   0.9457447492   0.05425373927
9     2.841641148e-06   0.9457538948   0.05424326361
10    5.204494245e-06   0.9457548462   0.05423994928
11    9.383252925e-06   0.9457518409   0.05423877581
12    1.676733918e-05   0.9457450873   0.05423814537
13    2.976659364e-05   0.9457327547   0.05423747866
14    5.265748182e-05   0.9457109014   0.0542364411
15    9.297045613e-05   0.9456723737   0.05423465583
16    0.0001639625255   0.9456045127   0.05423152481
17    0.0002889685626   0.9454850159   0.0542260155
18    0.0005090418982   0.9452746406   0.05421631753
19    0.0008963462987   0.9449044033   0.05419925043
20    0.001577539205    0.9442532283   0.05416923248
21    0.002774327921    0.9431091793   0.05411649282
22    0.004872971456    0.9411030215   0.05402400708
23    0.008540822376    0.9375968208   0.05386235686
24    0.01491399128     0.9315045636   0.05358144514
25    0.02587649585     0.9210253521   0.05309815208
26    0.0444087964      0.903310345    0.05228085861
27    0.07483535217     0.8742263995   0.05093824832
28    0.122460166       0.8287050481   0.04883478594
29    0.1916676318      0.7625587042   0.04577366399
30    0.2820096867      0.6762209093   0.04176940408
31    0.3845689803      0.5782199106   0.03721110906
32    0.4838253938      0.4833895132   0.03278509296
33    0.5659031847      0.4049846831   0.02911213222
34    0.6252825505      0.3482716797   0.02644576977
35    0.6641704763      0.3111352444   0.02469427925
36    0.6643663072      0.3118358712   0.02379782167
37    0.6645859261      0.3126230453   0.02279102855
38    0.6648301911      0.3135003385   0.02166947034
39    0.6650993784      0.3144692827   0.02043133892
40    0.6653930532      0.3155287986   0.01907814817
41    0.6657100219      0.3166746342   0.01761534397
42    0.666048568       0.3178987118   0.01605272029
43    0.6664077417      0.3191877331   0.0144045252
44    0.6667927556      0.3205181208   0.01268912365
45    0.6672367608      0.3218352273   0.01092801193
46    0.6678881622      0.32296813     0.009143707804
47    0.6693580421      0.3232866868   0.007355271072
48    0.6740741423      0.3203569459   0.005568911786
49    0.6911985009      0.3050372727   0.003764226333
50    0.7499998255      0.2480781502   0.001921941721
;

var L [*,*] (tr)
:          1              2         :=
1      0              0
2    108.3411477     78.24227774
3    109.0509052     78.49428866
4    109.7373957     78.57684976
5    110.2481873     78.60279082
6    110.5690929     78.61083279
7    110.7513136     78.61331502
8    110.8490937     78.61407922
9    110.8999989     78.6143127
10   110.9260847     78.61438099
11   110.9393397     78.61439561
12   110.9460356     78.61438865
13   110.9493828     78.6143667
14   110.9509871     78.61432474
15   110.951595      78.61424984
16   110.9514242     78.61411761
17   110.950208      78.6138847
18   110.9469223     78.61347472
19   110.9389638     78.61275351
20   110.9201922     78.61148602
21   110.8767123     78.60926217
22   110.7793292     78.60537183
23   110.5773949     78.59860131
24   110.2281765     78.58692492
25   109.8485534     78.56710677
26     9.933108351   78.53439762
27     9.933108351   78.48299068
28     9.93310835    78.40883899
29     9.933108349   78.31707328
30     9.933108349   78.23292102
31     9.933108348   78.20337602
32     9.933108347   78.2705737
33     9.933108346   78.43068963
34     9.933108346   78.63133787
35     9.933108345   78.81502374
36     9.933108344   12.4428164
37     9.933108344   12.45544121
38     9.933108347   12.46967454
39     9.933108357   12.48559858
40     9.933108402   12.50326148
41     9.933108589   12.52266667
42     9.93310935    12.54376303
43     9.933112457   12.56643818
44     9.933125125   12.59051936
45     9.933176762   12.61579572
46     9.933387224   12.64211362
47     9.93424461    12.66975029
48     9.937731845   12.70090531
49     9.951854256   12.74590031
50    10.0098156     12.85131611
;

var x [1,*,*]
:           1                2              3          :=
1     1.189346355e-09   0.2256850789   0.7743148747
2     1.505652881e-10   0.3474290877   0.6525709122
3    -3.035007441e-10   0.4576400778   0.5423599225
4    -4.649456687e-10   0.5395831886   0.4604168119
5     1.904798819e-09   0.5918212593   0.4081787388
6     1.070001623e-08   0.6218696845   0.3781303048
7     3.172045226e-08   0.6381279704   0.3618719978
8     8.134472632e-08   0.6466320879   0.3533678307
9     1.996931483e-07   0.6510012162   0.3489985841
10    4.812160989e-07   0.6532250685   0.3467744503
11    1.149960187e-06   0.6543512881   0.3456475619
12    2.737216728e-06   0.6549194172   0.3450778456
13    6.500540777e-06   0.6552036475   0.3447898519
14    1.541901407e-05   0.6553409662   0.3446436148
15    3.655000027e-05   0.65539583     0.34456762
16    8.661820233e-05   0.6553893952   0.3445239866
17    0.0002052361439   0.6553053642   0.3444893997
18    0.0004861654647   0.6550716848   0.3444421497
19    0.001150990882    0.6545012477   0.3443477614
20    0.00272143975     0.6531451702   0.34413339
21    0.006415183864    0.6499522939   0.3436325222
22    0.01501559232     0.6425216346   0.3424627731
23    0.03457810068     0.6256479492   0.3397739501
24    0.07680666499     0.5893543427   0.3338389923
25    0.1584793004      0.5196208058   0.3218998938
26    0.1584793004      0.5196208058   0.3218998938
27    0.1584793004      0.5196208058   0.3218998938
28    0.1584793004      0.5196208057   0.3218998938
29    0.1584793004      0.5196208057   0.3218998939
30    0.1584793004      0.5196208057   0.3218998939
31    0.1584793004      0.5196208057   0.3218998939
32    0.1584793004      0.5196208057   0.3218998939
33    0.1584793004      0.5196208056   0.3218998939
34    0.1584793004      0.5196208056   0.321899894
35    0.1584793004      0.5196208056   0.321899894
36    0.1584793004      0.5196208057   0.3218998939
37    0.1584793005      0.5196208061   0.3218998934
38    0.1584793007      0.5196208077   0.3218998916
39    0.1584793016      0.5196208143   0.3218998841
40    0.1584793055      0.5196208412   0.3218998533
41    0.1584793212      0.519620951    0.3218997278
42    0.1584793852      0.5196213986   0.3218992163
43    0.1584796462      0.5196232231   0.3218971307
44    0.1584807112      0.5196306598   0.3218886289
45    0.1584850678      0.5196609617   0.3218539705
46    0.1585030566      0.5197842799   0.3217126635
47    0.1585798685      0.5202838516   0.3211362799
48    0.1589457997      0.5222726616   0.3187815387
49    0.161235809       0.5296547244   0.3091094666
50    0.1824561353      0.5488345052   0.2687093595

 [2,*,*]
:           1                2               3           :=
1     4.931886652e-09   0.7768773926   0.2231225411
2    -3.676176444e-09   0.8468375802   0.1531624235
3    -5.36977157e-09    0.8704498351   0.1295501703
4    -4.962637437e-11   0.8779423865   0.1220576135
5     4.374812343e-08   0.8802724558   0.1197275004
6     1.226511616e-07   0.8809924553   0.1190074221
7     2.685792278e-07   0.8812144049   0.1187853266
8     5.297140727e-07   0.8812826109   0.1187168594
9     9.9564168e-07     0.8813032606   0.1186957438
10    1.823173132e-06   0.8813089674   0.1186892094
11    3.288844529e-06   0.8813095635   0.1186871476
12    5.876762328e-06   0.8813076958   0.1186864275
13    1.044526517e-05   0.8813034993   0.1186860555
14    1.848515179e-05   0.8812958374   0.1186856775
15    3.264135333e-05   0.8812822614   0.1186850972
16    5.757082825e-05   0.8812583276   0.1186841016
17    0.0001014715896   0.8812161721   0.1186823563
18    0.0001787733673   0.8811419411   0.1186792855
19    0.0003148619174   0.8810112583   0.1186738798
20    0.0005543586955   0.8807812762   0.1186643651
21    0.0009755752573   0.880376798    0.1186476268
22    0.001715575774    0.8796662177   0.1186182065
23    0.0030131048      0.8784203177   0.1185665775
24    0.005280503242    0.876243271    0.1184762258
25    0.009219323916    0.8724618004   0.1183188757
26    0.01599179911     0.8659610384   0.1180471625
27    0.02743368169     0.8549814981   0.1175848203
28    0.04620268071     0.8369796549   0.1168176644
29    0.07555086605     0.8088519911   0.1155971429
30    0.1181688642      0.7680494517   0.1137816841
31    0.1738265659      0.7148342217   0.1113392124
32    0.237169211       0.6543624694   0.1084683196
33    0.298760626       0.5956495756   0.1055897983
34    0.3499957368      0.5468718708   0.1031323924
35    0.3872762433      0.5114153187   0.101308438
36    0.388254151       0.5138452005   0.09790064852
37    0.3893585512      0.5165903882   0.09405106061
38    0.3905965643      0.5196689325   0.08973450319
39    0.3919728235      0.5230927384   0.08493443815
40    0.3934886415      0.5268654124   0.07964594612
41    0.3951412645      0.5309801131   0.07387862242
42    0.3969235095      0.53541748     0.06765901042
43    0.39882468        0.5401431925   0.06103212748
44    0.4008360507      0.5451023517   0.05406159758
45    0.4029738861      0.550198273    0.04682784094
46    0.4053719447      0.5552046002   0.0394234551
47    0.4086511108      0.5594051671   0.03194372208
48    0.4153861059      0.5601470045   0.02446688963
49    0.4357991336      0.5471868071   0.01701405936
50    0.5081779309      0.482323696    0.009498373047
;

var : PC   PR    :=
1    0   30
2   40   30
;

var T [*,*] (tr)
:         1             2         :=
1    362.523173    350.0708062
2    359.2938506   348.8147591
3    356.6369893   348.4034353
4    354.8041978   348.2741959
5    353.6929434   348.2341258
6    353.0725438   348.2217514
7    352.7423667   348.21793
8    352.5711656   348.2167413
9    352.4835987   348.2163555
10   352.4391137   348.2162022
11   352.4165714   348.2160942
12   352.4051107   348.2159534
13   352.3991511   348.2157214
14   352.3957282   348.2153173
15   352.3930144   348.2146072
16   352.3893058   348.2133569
17   352.3818927   348.2111554
18   352.3650331   348.2072792
19   352.3255142   348.2004563
20   352.232513    348.1884523
21   352.0148234   348.1673508
22   351.513188    348.1303114
23   350.3984932   348.0654651
24   348.1098803   347.9524497
25   344.0900743   347.7570323
26   344.0900743   347.4236959
27   344.0900743   346.8680696
28   344.0900743   345.976568
29   344.0900743   344.6300439
30   344.0900743   342.7710877
31   344.0900743   340.5000208
32   344.0900743   338.1078579
33   344.0900743   335.9552919
34   344.0900743   334.280483
35   344.0900743   333.1217978
36   344.0900743   333.0589524
37   344.0900743   332.9881587
38   344.0900742   332.9090272
39   344.0900741   332.8213399
40   344.0900735   332.7251018
41   344.0900709   332.6205874
42   344.0900604   332.5083685
43   344.0900175   332.3892944
44   344.0898425   332.2643252
45   344.0891288   332.133846
46   344.0862091   331.9949815
47   344.074152    331.8310609
48   344.0226618   331.5705209
49   343.7779082   330.9332027
50   342.2921026   328.9470281
;

var TF = 338.1587438;

var : QC            QR         :=
1   768.8810581   822.6584082
2   494.3615169   482.8044159
;

