:     x      V        :=
1 1   1   0.887159
1 2   1   0.769106
1 3   1   0.465438
1 4   1       .
2 2   0   0
2 3   0   0
2 4   1       .
3 3   0   0
3 4   1       .
4 4   1       .
;

:           Viy        Liz       :=
1 1 2 1   0.071028   0
1 1 2 2   0.161832   0
1 1 2 3   0.110832   0
1 1 2 4   0          0
1 1 3 1   0          0
1 1 3 2   0          0
1 1 3 3   0          0
1 1 3 4   0          0
1 1 4 1   0          0
1 1 4 2   0          0
1 1 4 3   0          0
1 1 4 4   0          0.056308
1 2 3 1   0.071028   0
1 2 3 2   0.161832   0
1 2 3 3   0          0
1 2 3 4   0          0
1 2 4 1   0          0
1 2 4 2   0          0
1 2 4 3   0          0.110832
1 2 4 4   0          0
1 3 4 1   0.071028   0
1 3 4 2   0          0.161832
1 3 4 3   0          0
1 3 4 4   0          0
2 2 3 1   0          0
2 2 3 2   0          0
2 2 3 3   0          0
2 2 3 4   0          0
2 2 4 1   0          0
2 2 4 2   0          0
2 2 4 3   0          0
2 2 4 4   0          0
2 3 4 1   0          0
2 3 4 2   0          0
2 3 4 3   0          0
2 3 4 4   0          0
3 3 4 1   0          0
3 3 4 2   0          0
3 3 4 3   0          0
3 3 4 4   0          0
;

Vap = 2.1217

:     x      V        :=
1 1   1   0.887159
1 2   1   0.528969
1 3   0   0
1 4   1       .
2 2   0   0
2 3   1   0.671437
2 4   1       .
3 3   0   0
3 4   1       .
4 4   1       .
;

:           Viy        Liz       :=
1 1 2 1   0.071028   0
1 1 2 2   0.161832   0
1 1 2 3   0.110832   0
1 1 2 4   0          0
1 1 3 1   0          0
1 1 3 2   0          0
1 1 3 3   0          0
1 1 3 4   0          0
1 1 4 1   0          0
1 1 4 2   0          0
1 1 4 3   0          0
1 1 4 4   0          0.056308
1 2 3 1   0          0
1 2 3 2   0          0.161832
1 2 3 3   0          0.110832
1 2 3 4   0          0
1 2 4 1   0.071028   0
1 2 4 2   0          0
1 2 4 3   0          0
1 2 4 4   0          0
1 3 4 1   0          0
1 3 4 2   0          0
1 3 4 3   0          0
1 3 4 4   0          0
2 2 3 1   0          0
2 2 3 2   0          0
2 2 3 3   0          0
2 2 3 4   0          0
2 2 4 1   0          0
2 2 4 2   0          0
2 2 4 3   0          0
2 2 4 4   0          0
2 3 4 1   0          0
2 3 4 2   0.161832   0
2 3 4 3   0          0.110832
2 3 4 4   0          0
3 3 4 1   0          0
3 3 4 2   0          0
3 3 4 3   0          0
3 3 4 4   0          0
;

Vap = 2.08756

:     x      V        :=
1 1   1   0.548167
1 2   0   0
1 3   0   0
1 4   1       .
2 2   1   0.796378
2 3   1   0.671437
2 4   1       .
3 3   0   0
3 4   1       .
4 4   1       .
;

:           Viy        Liz       :=
1 1 2 1   0          0
1 1 2 2   0          0.161832
1 1 2 3   0          0.110832
1 1 2 4   0          0.056308
1 1 3 1   0          0
1 1 3 2   0          0
1 1 3 3   0          0
1 1 3 4   0          0
1 1 4 1   0.071028   0
1 1 4 2   0          0
1 1 4 3   0          0
1 1 4 4   0          0
1 2 3 1   0          0
1 2 3 2   0          0
1 2 3 3   0          0
1 2 3 4   0          0
1 2 4 1   0          0
1 2 4 2   0          0
1 2 4 3   0          0
1 2 4 4   0          0
1 3 4 1   0          0
1 3 4 2   0          0
1 3 4 3   0          0
1 3 4 4   0          0
2 2 3 1   0          0
2 2 3 2   0.161832   0
2 2 3 3   0.110832   0
2 2 3 4   0          0
2 2 4 1   0          0
2 2 4 2   0          0
2 2 4 3   0          0
2 2 4 4   0          0.056308
2 3 4 1   0          0
2 3 4 2   0.161832   0
2 3 4 3   0          0.110832
2 3 4 4   0          0
3 3 4 1   0          0
3 3 4 2   0          0
3 3 4 3   0          0
3 3 4 4   0          0
;

Vap = 2.01598

:     x      V        :=
1 1   1   0.38293
1 2   1   0.549515
1 3   0   0
1 4   1       .
2 2   1   0.549515
2 3   1   0.671437
2 4   1       .
3 3   0   0
3 4   1       .
4 4   1       .
;

:            Viy          Liz        :=
1 1 2 1   0.071028    0
1 1 2 2   0.0484951   0.113337
1 1 2 3   0.0439378   0.0668942
1 1 2 4   0           0.056308
1 1 3 1   0           0
1 1 3 2   0           0
1 1 3 3   0           0
1 1 3 4   0           0
1 1 4 1   0           0
1 1 4 2   0           0
1 1 4 3   0           0
1 1 4 4   0           0
1 2 3 1   0           0
1 2 3 2   0           0.0484951
1 2 3 3   0           0.0439378
1 2 3 4   0           0
1 2 4 1   0.071028    0
1 2 4 2   0           0
1 2 4 3   0           0
1 2 4 4   0           0
1 3 4 1   0           0
1 3 4 2   0           0
1 3 4 3   0           0
1 3 4 4   0           0
2 2 3 1   0           0
2 2 3 2   0.113337    0
2 2 3 3   0.0668942   0
2 2 3 4   0           0
2 2 4 1   0           0
2 2 4 2   0           2.065e-08
2 2 4 3   0           2.38994e-08
2 2 4 4   0           0.056308
2 3 4 1   0           0
2 3 4 2   0.161832    1.89595e-08
2 3 4 3   0           0.110832
2 3 4 4   0           0
3 3 4 1   0           0
3 3 4 2   0           0
3 3 4 3   0           0
3 3 4 4   0           0
;

Vap = 1.60388

:     x      V        :=
1 1   1   0.887159
1 2   1   0.369555
1 3   1   0.499084
1 4   1       .
2 2   0   0
2 3   1   0.499084
2 4   1       .
3 3   0   0
3 4   1       .
4 4   1       .
;

:            Viy          Liz        :=
1 1 2 1   0.071028    0
1 1 2 2   0.161832    0
1 1 2 3   0.110832    0
1 1 2 4   0           0
1 1 3 1   0           0
1 1 3 2   0           0
1 1 3 3   0           0
1 1 3 4   0           0
1 1 4 1   0           0
1 1 4 2   0           0
1 1 4 3   0           0
1 1 4 4   0           0.056308
1 2 3 1   0.071028    0
1 2 3 2   0.0600746   0.101757
1 2 3 3   0           0.110832
1 2 3 4   0           0
1 2 4 1   0           0
1 2 4 2   0           0
1 2 4 3   0           0
1 2 4 4   0           0
1 3 4 1   0.071028    0
1 3 4 2   0           0.0600746
1 3 4 3   0           0
1 3 4 4   0           0
2 2 3 1   0           0
2 2 3 2   0           0
2 2 3 3   0           0
2 2 3 4   0           0
2 2 4 1   0           0
2 2 4 2   0           0
2 2 4 3   0           0
2 2 4 4   0           0
2 3 4 1   0           0
2 3 4 2   0.101757    1.67464e-13
2 3 4 3   0           0.110832
2 3 4 4   0           0
3 3 4 1   0           0
3 3 4 2   0           0
3 3 4 3   0           0
3 3 4 4   0           0
;

Vap = 1.7558

:     x      V        :=
1 1   1   0.563212
1 2   0   0
1 3   1   0.369555
1 4   1       .
2 2   1   0.61963
2 3   1   0.369555
2 4   1       .
3 3   0   0
3 4   1       .
4 4   1       .
;

:            Viy          Liz        :=
1 1 2 1   0           0
1 1 2 2   0           0.0566095
1 1 2 3   0           0.110832
1 1 2 4   0           0.056308
1 1 3 1   0.071028    0
1 1 3 2   0.105223    0
1 1 3 3   0           0
1 1 3 4   0           0
1 1 4 1   0           0
1 1 4 2   0           0
1 1 4 3   0           0
1 1 4 4   0           0
1 2 3 1   0           0
1 2 3 2   0           0
1 2 3 3   0           0
1 2 3 4   0           0
1 2 4 1   0           0
1 2 4 2   0           0
1 2 4 3   0           0
1 2 4 4   0           0
1 3 4 1   0.071028    0
1 3 4 2   0           0.105223
1 3 4 3   0           0
1 3 4 4   0           0
2 2 3 1   0           0
2 2 3 2   0.0566095   0
2 2 3 3   0.110832    0
2 2 3 4   0           0
2 2 4 1   0           0
2 2 4 2   0           1.99736e-17
2 2 4 3   0           0
2 2 4 4   0           0.056308
2 3 4 1   0           0
2 3 4 2   0.0566095   2.08595e-16
2 3 4 3   0           0.110832
2 3 4 4   0           0
3 3 4 1   0           0
3 3 4 2   0           0
3 3 4 3   0           0
3 3 4 4   0           0
;

Vap = 1.5524

:     x      V        :=
1 1   1   0.437898
1 2   1   0.511154
1 3   1   0.369555
1 4   1       .
2 2   1   0.511154
2 3   1   0.369555
2 4   1       .
3 3   0   0
3 4   1       .
4 4   1       .
;

:            Viy          Liz        :=
1 1 2 1   0.071028    0
1 1 2 2   0.114548    0.0472836
1 1 2 3   0.0257574   0.0850746
1 1 2 4   0           0.056308
1 1 3 1   0           0
1 1 3 2   0           0
1 1 3 3   0           0
1 1 3 4   0           0
1 1 4 1   0           0
1 1 4 2   0           0
1 1 4 3   0           0
1 1 4 4   0           0
1 2 3 1   0.071028    0
1 2 3 2   0.105223    0.00932588
1 2 3 3   0           0.0257574
1 2 3 4   0           0
1 2 4 1   0           0
1 2 4 2   0           0
1 2 4 3   0           0
1 2 4 4   0           0
1 3 4 1   0.071028    0
1 3 4 2   0           0.105223
1 3 4 3   0           0
1 3 4 4   0           0
2 2 3 1   0           0
2 2 3 2   0.0472836   0
2 2 3 3   0.0850746   0
2 2 3 4   0           0
2 2 4 1   0           0
2 2 4 2   0           1.11468e-08
2 2 4 3   0           1.13867e-08
2 2 4 4   0           0.056308
2 3 4 1   0           0
2 3 4 2   0.0566095   1.07131e-08
2 3 4 3   0           0.110832
2 3 4 4   0           0
3 3 4 1   0           0
3 3 4 2   0           0
3 3 4 3   0           0
3 3 4 4   0           0
;

Vap = 1.31861

:     x      V        :=
1 1   1   0.548167
1 2   0   0
1 3   0   0
1 4   1       .
2 2   1   0.700644
2 3   0   0
2 4   1       .
3 3   1   0.530782
3 4   1       .
4 4   1       .
;

:           Viy        Liz       :=
1 1 2 1   0          0
1 1 2 2   0          0.161832
1 1 2 3   0          0.110832
1 1 2 4   0          0.056308
1 1 3 1   0          0
1 1 3 2   0          0
1 1 3 3   0          0
1 1 3 4   0          0
1 1 4 1   0.071028   0
1 1 4 2   0          0
1 1 4 3   0          0
1 1 4 4   0          0
1 2 3 1   0          0
1 2 3 2   0          0
1 2 3 3   0          0
1 2 3 4   0          0
1 2 4 1   0          0
1 2 4 2   0          0
1 2 4 3   0          0
1 2 4 4   0          0
1 3 4 1   0          0
1 3 4 2   0          0
1 3 4 3   0          0
1 3 4 4   0          0
2 2 3 1   0          0
2 2 3 2   0          0
2 2 3 3   0          0.110832
2 2 3 4   0          0.056308
2 2 4 1   0          0
2 2 4 2   0.161832   0
2 2 4 3   0          0
2 2 4 4   0          0
2 3 4 1   0          0
2 3 4 2   0          0
2 3 4 3   0          0
2 3 4 4   0          0
3 3 4 1   0          0
3 3 4 2   0          0
3 3 4 3   0.110832   0
3 3 4 4   0          0.056308
;

Vap = 1.77959

:     x      V        :=
1 1   1   0.793538
1 2   0   0
1 3   1   0.465438
1 4   1       .
2 2   0   0
2 3   0   0
2 4   1       .
3 3   1   0.530782
3 4   1       .
4 4   1       .
;

:           Viy        Liz       :=
1 1 2 1   0          0
1 1 2 2   0          0
1 1 2 3   0          0
1 1 2 4   0          0
1 1 3 1   0.071028   0
1 1 3 2   0.161832   0
1 1 3 3   0          0.110832
1 1 3 4   0          0.056308
1 1 4 1   0          0
1 1 4 2   0          0
1 1 4 3   0          0
1 1 4 4   0          0
1 2 3 1   0          0
1 2 3 2   0          0
1 2 3 3   0          0
1 2 3 4   0          0
1 2 4 1   0          0
1 2 4 2   0          0
1 2 4 3   0          0
1 2 4 4   0          0
1 3 4 1   0.071028   0
1 3 4 2   0          0.161832
1 3 4 3   0          0
1 3 4 4   0          0
2 2 3 1   0          0
2 2 3 2   0          0
2 2 3 3   0          0
2 2 3 4   0          0
2 2 4 1   0          0
2 2 4 2   0          0
2 2 4 3   0          0
2 2 4 4   0          0
2 3 4 1   0          0
2 3 4 2   0          0
2 3 4 3   0          0
2 3 4 4   0          0
3 3 4 1   0          0
3 3 4 2   0          0
3 3 4 3   0.110832   0
3 3 4 4   0          0.056308
;

Vap = 1.78976

:     x      V        :=
1 1   1   0.570827
1 2   1   0.642229
1 3   1   0.465438
1 4   1       .
2 2   0   0
2 3   0   0
2 4   1       .
3 3   1   0.642229
3 4   1       .
4 4   1       .
;

:            Viy          Liz        :=
1 1 2 1   0.071028    0
1 1 2 2   0.161832    0
1 1 2 3   0.0351364   0
1 1 2 4   0           0
1 1 3 1   0           0
1 1 3 2   0           0
1 1 3 3   0           0.0756956
1 1 3 4   0           0.056308
1 1 4 1   0           0
1 1 4 2   0           0
1 1 4 3   0           0
1 1 4 4   0           0
1 2 3 1   0.071028    0
1 2 3 2   0.161832    0
1 2 3 3   0           0
1 2 3 4   0           0
1 2 4 1   0           0
1 2 4 2   0           0
1 2 4 3   0           0.0351364
1 2 4 4   0           0
1 3 4 1   0.071028    0
1 3 4 2   0           0.161832
1 3 4 3   0           0
1 3 4 4   0           0
2 2 3 1   0           0
2 2 3 2   0           0
2 2 3 3   0           0
2 2 3 4   0           0
2 2 4 1   0           0
2 2 4 2   0           0
2 2 4 3   0           0
2 2 4 4   0           0
2 3 4 1   0           0
2 3 4 2   0           0
2 3 4 3   0           0
2 3 4 4   0           0
3 3 4 1   0           0
3 3 4 2   0           0
3 3 4 3   0.0756956   8.23826e-11
3 3 4 4   0           0.056308
;

Vap = 1.67849

:     x      V        :=
1 1   1   0.387044
1 2   0   0
1 3   1   0.528589
1 4   1       .
2 2   1   0.528589
2 3   0   0
2 4   1       .
3 3   1   0.530782
3 4   1       .
4 4   1       .
;

:             Viy           Liz        :=
1 1 2 1   0             0
1 1 2 2   0             0.099908
1 1 2 3   0             0.110832
1 1 2 4   0             0.056308
1 1 3 1   0.071028      0
1 1 3 2   0.061924      0
1 1 3 3   0             0
1 1 3 4   0             0
1 1 4 1   0             0
1 1 4 2   0             0
1 1 4 3   0             0
1 1 4 4   0             0
1 2 3 1   0             0
1 2 3 2   0             0
1 2 3 3   0             0
1 2 3 4   0             0
1 2 4 1   0             0
1 2 4 2   0             0
1 2 4 3   0             0
1 2 4 4   0             0
1 3 4 1   0.071028      0
1 3 4 2   0             0.061924
1 3 4 3   0             0
1 3 4 4   0             0
2 2 3 1   0             0
2 2 3 2   0             2.04088e-14
2 2 3 3   0             0.110832
2 2 3 4   0             0.056308
2 2 4 1   0             0
2 2 4 2   0.099908      0
2 2 4 3   0             0
2 2 4 4   0             0
2 3 4 1   0             0
2 3 4 2   0             0
2 3 4 3   0             0
2 3 4 4   0             0
3 3 4 1   0             0
3 3 4 2   2.14313e-14   6.24108e-15
3 3 4 3   0.110832      0
3 3 4 4   0             0.056308
;

Vap = 1.44641

:     x      V        :=
1 1   1   0.510982
1 2   1   0.188011
1 3   1   0.497429
1 4   1       .
2 2   1   0.497429
2 3   0   0
2 4   1       .
3 3   1   0.188011
3 4   1       .
4 4   1       .
;

:             Viy           Liz        :=
1 1 2 1   0.071028      0
1 1 2 2   4.77251e-09   0.161832
1 1 2 3   0.0975843     0.0132477
1 1 2 4   0             0.056308
1 1 3 1   0             0
1 1 3 2   0             0
1 1 3 3   0             0
1 1 3 4   0             0
1 1 4 1   0             0
1 1 4 2   0             0
1 1 4 3   0             0
1 1 4 4   0             0
1 2 3 1   0.071028      0
1 2 3 2   3.49932e-09   0
1 2 3 3   0             0
1 2 3 4   0             0
1 2 4 1   0             0
1 2 4 2   0             6.36736e-10
1 2 4 3   0             0.0975843
1 2 4 4   0             0
1 3 4 1   0.071028      0
1 3 4 2   0             3.49932e-09
1 3 4 3   0             0
1 3 4 4   0             0
2 2 3 1   0             0
2 2 3 2   0             2.22007e-13
2 2 3 3   0             0.0132477
2 2 3 4   0             0.056308
2 2 4 1   0             0
2 2 4 2   0.161832      0
2 2 4 3   0             0
2 2 4 4   0             0
2 3 4 1   0             0
2 3 4 2   0             0
2 3 4 3   0             0
2 3 4 4   0             0
3 3 4 1   0             0
3 3 4 2   1.71975e-13   1.41728e-13
3 3 4 3   0.0132477     2.31856e-13
3 3 4 4   0             0.056308
;

Vap = 1.19642

:     x      V        :=
1 1   1   0.570827
1 2   1   0.485069
1 3   0   0
1 4   1       .
2 2   0   0
2 3   1   0.529963
2 4   1       .
3 3   1   0.529963
3 4   1       .
4 4   1       .
;

:            Viy          Liz        :=
1 1 2 1   0.071028    0
1 1 2 2   0.161832    0
1 1 2 3   0.0351364   0
1 1 2 4   0           0
1 1 3 1   0           0
1 1 3 2   0           0
1 1 3 3   0           0.0756956
1 1 3 4   0           0.056308
1 1 4 1   0           0
1 1 4 2   0           0
1 1 4 3   0           0
1 1 4 4   0           0
1 2 3 1   0           0
1 2 3 2   0           0.161832
1 2 3 3   0           0.0351364
1 2 3 4   0           0
1 2 4 1   0.071028    0
1 2 4 2   0           0
1 2 4 3   0           0
1 2 4 4   0           0
1 3 4 1   0           0
1 3 4 2   0           0
1 3 4 3   0           0
1 3 4 4   0           0
2 2 3 1   0           0
2 2 3 2   0           0
2 2 3 3   0           0
2 2 3 4   0           0
2 2 4 1   0           0
2 2 4 2   0           0
2 2 4 3   0           0
2 2 4 4   0           0
2 3 4 1   0           0
2 3 4 2   0.161832    0
2 3 4 3   0           0.0351364
2 3 4 4   0           0
3 3 4 1   0           0
3 3 4 2   0           0
3 3 4 3   0.0756956   7.40424e-15
3 3 4 4   0           0.056308
;

Vap = 1.58586

:     x      V        :=
1 1   1   0.548167
1 2   0   0
1 3   0   0
1 4   1       .
2 2   1   0.487384
2 3   1   0.536233
2 4   1       .
3 3   1   0.536233
3 4   1       .
4 4   1       .
;

:            Viy          Liz        :=
1 1 2 1   0           0
1 1 2 2   0           0.161832
1 1 2 3   0           0.110832
1 1 2 4   0           0.056308
1 1 3 1   0           0
1 1 3 2   0           0
1 1 3 3   0           0
1 1 3 4   0           0
1 1 4 1   0.071028    0
1 1 4 2   0           0
1 1 4 3   0           0
1 1 4 4   0           0
1 2 3 1   0           0
1 2 3 2   0           0
1 2 3 3   0           0
1 2 3 4   0           0
1 2 4 1   0           0
1 2 4 2   0           0
1 2 4 3   0           0
1 2 4 4   0           0
1 3 4 1   0           0
1 3 4 2   0           0
1 3 4 3   0           0
1 3 4 4   0           0
2 2 3 1   0           0
2 2 3 2   0.161832    0
2 2 3 3   0.0384914   0.0723406
2 2 3 4   0           0.056308
2 2 4 1   0           0
2 2 4 2   0           0
2 2 4 3   0           0
2 2 4 4   0           0
2 3 4 1   0           0
2 3 4 2   0.161832    0
2 3 4 3   0           0.0384914
2 3 4 4   0           0
3 3 4 1   0           0
3 3 4 2   0           0
3 3 4 3   0.0723406   2.06847e-12
3 3 4 4   0           0.056308
;

Vap = 1.57178

:     x      V        :=
1 1   1   0.353505
1 2   1   0.330386
1 3   0   0
1 4   1       .
2 2   1   0.330386
2 3   1   0.571772
2 4   1       .
3 3   1   0.571772
3 4   1       .
4 4   1       .
;

:             Viy           Liz        :=
1 1 2 1   0.071028      0
1 1 2 2   0.0648615     0.0969705
1 1 2 3   0.029133      0.081699
1 1 2 4   0             0.056308
1 1 3 1   0             0
1 1 3 2   0             0
1 1 3 3   0             0
1 1 3 4   0             0
1 1 4 1   0             0
1 1 4 2   0             0
1 1 4 3   0             0
1 1 4 4   0             0
1 2 3 1   0             0
1 2 3 2   0             0.0648615
1 2 3 3   0             0.029133
1 2 3 4   0             0
1 2 4 1   0.071028      0
1 2 4 2   0             0
1 2 4 3   0             0
1 2 4 4   0             0
1 3 4 1   0             0
1 3 4 2   0             0
1 3 4 3   0             0
1 3 4 4   0             0
2 2 3 1   0             0
2 2 3 2   0.0969705     6.98176e-10
2 2 3 3   0.0283737     0.0533254
2 2 3 4   0             0.056308
2 2 4 1   0             0
2 2 4 2   0             0
2 2 4 3   0             0
2 2 4 4   0             0
2 3 4 1   0             0
2 3 4 2   0.161832      4.06221e-10
2 3 4 3   0             0.0575066
2 3 4 4   0             0
3 3 4 1   0             0
3 3 4 2   5.76248e-10   4.27186e-10
3 3 4 3   0.0533254     4.98403e-10
3 3 4 4   0             0.056308
;

Vap = 1.25566

:     x      V        :=
1 1   1   0.570827
1 2   1   0.317038
1 3   1   0.407363
1 4   1       .
2 2   0   0
2 3   1   0.407363
2 4   1       .
3 3   1   0.407363
3 4   1       .
4 4   1       .
;

:            Viy          Liz        :=
1 1 2 1   0.071028    0
1 1 2 2   0.161832    0
1 1 2 3   0.0351364   0
1 1 2 4   0           0
1 1 3 1   0           0
1 1 3 2   0           0
1 1 3 3   0           0.0756956
1 1 3 4   0           0.056308
1 1 4 1   0           0
1 1 4 2   0           0
1 1 4 3   0           0
1 1 4 4   0           0
1 2 3 1   0.071028    0
1 2 3 2   0.0600746   0.101757
1 2 3 3   0           0.0351364
1 2 3 4   0           0
1 2 4 1   0           0
1 2 4 2   0           0
1 2 4 3   0           0
1 2 4 4   0           0
1 3 4 1   0.071028    0
1 3 4 2   0           0.0600746
1 3 4 3   0           0
1 3 4 4   0           0
2 2 3 1   0           0
2 2 3 2   0           0
2 2 3 3   0           0
2 2 3 4   0           0
2 2 4 1   0           0
2 2 4 2   0           0
2 2 4 3   0           0
2 2 4 4   0           0
2 3 4 1   0           0
2 3 4 2   0.101757    1.13395e-07
2 3 4 3   0           0.0351364
2 3 4 4   0           0
3 3 4 1   0           0
3 3 4 2   0           0
3 3 4 3   0.0756956   1.77149e-08
3 3 4 4   0           0.056308
;

Vap = 1.29523

:     x      V        :=
1 1   1   0.387044
1 2   0   0
1 3   1   0.395578
1 4   1       .
2 2   1   0.371425
2 3   1   0.395578
2 4   1       .
3 3   1   0.395578
3 4   1       .
4 4   1       .
;

:             Viy           Liz        :=
1 1 2 1   0             0
1 1 2 2   0             0.099908
1 1 2 3   0             0.110832
1 1 2 4   0             0.056308
1 1 3 1   0.071028      0
1 1 3 2   0.061924      0
1 1 3 3   0             0
1 1 3 4   0             0
1 1 4 1   0             0
1 1 4 2   0             0
1 1 4 3   0             0
1 1 4 4   0             0
1 2 3 1   0             0
1 2 3 2   0             0
1 2 3 3   0             0
1 2 3 4   0             0
1 2 4 1   0             0
1 2 4 2   0             0
1 2 4 3   0             0
1 2 4 4   0             0
1 3 4 1   0.071028      0
1 3 4 2   0             0.061924
1 3 4 3   0             0
1 3 4 4   0             0
2 2 3 1   0             0
2 2 3 2   0.099908      1.16816e-11
2 2 3 3   0.0384914     0.0723406
2 2 3 4   0             0.056308
2 2 4 1   0             0
2 2 4 2   0             0
2 2 4 3   0             0
2 2 4 4   0             0
2 3 4 1   0             0
2 3 4 2   0.099908      1.16816e-11
2 3 4 3   0             0.0384914
2 3 4 4   0             0
3 3 4 1   0             0
3 3 4 2   1.16816e-11   1.16816e-11
3 3 4 3   0.0723406     1.16816e-11
3 3 4 4   0             0.056308
;

Vap = 1.15405

:     x      V        :=
1 1   1   0.359936
1 2   1   0.300098
1 3   1   0.402145
1 4   1       .
2 2   1   0.300098
2 3   1   0.402145
2 4   1       .
3 3   1   0.402145
3 4   1       .
4 4   1       .
;

:             Viy           Liz        :=
1 1 2 1   0.071028      0
1 1 2 2   0.0868182     0.0750138
1 1 2 3   0.0202563     0.0905757
1 1 2 4   0             0.056308
1 1 3 1   0             0
1 1 3 2   0             0
1 1 3 3   0             0
1 1 3 4   0             0
1 1 4 1   0             0
1 1 4 2   0             0
1 1 4 3   0             0
1 1 4 4   0             0
1 2 3 1   0.071028      0
1 2 3 2   0.0553503     0.0314679
1 2 3 3   0             0.0202563
1 2 3 4   0             0
1 2 4 1   0             0
1 2 4 2   0             0
1 2 4 3   0             0
1 2 4 4   0             0
1 3 4 1   0.071028      0
1 3 4 2   0             0.0553503
1 3 4 3   0             0
1 3 4 4   0             0
2 2 3 1   0             0
2 2 3 2   0.0750138     1.87193e-10
2 2 3 3   0.0314565     0.0591192
2 2 3 4   0             0.056308
2 2 4 1   0             0
2 2 4 2   0             0
2 2 4 3   0             0
2 2 4 4   0             0
2 3 4 1   0             0
2 3 4 2   0.106482      1.05842e-10
2 3 4 3   0             0.0517128
2 3 4 4   0             0
3 3 4 1   0             0
3 3 4 2   1.68495e-10   8.47382e-11
3 3 4 3   0.0591192     1.0049e-10
3 3 4 4   0             0.056308
;

Vap = 1.06218

