:     x      V        :=
1 1   1   0.859435
1 2   1   0.439205
1 3   1   0.317686
1 4   1       .
2 2   0   0
2 3   0   0
2 4   1       .
3 3   0   0
3 4   1       .
4 4   1       .
;

:          Viy     Liz     :=
1 1 2 1   0.125   0
1 1 2 2   0.125   0
1 1 2 3   0.125   0
1 1 2 4   0       0
1 1 3 1   0       0
1 1 3 2   0       0
1 1 3 3   0       0
1 1 3 4   0       0
1 1 4 1   0       0
1 1 4 2   0       0
1 1 4 3   0       0
1 1 4 4   0       0.125
1 2 3 1   0.125   0
1 2 3 2   0.125   0
1 2 3 3   0       0
1 2 3 4   0       0
1 2 4 1   0       0
1 2 4 2   0       0
1 2 4 3   0       0.125
1 2 4 4   0       0
1 3 4 1   0.125   0
1 3 4 2   0       0.125
1 3 4 3   0       0
1 3 4 4   0       0
2 2 3 1   0       0
2 2 3 2   0       0
2 2 3 3   0       0
2 2 3 4   0       0
2 2 4 1   0       0
2 2 4 2   0       0
2 2 4 3   0       0
2 2 4 4   0       0
2 3 4 1   0       0
2 3 4 2   0       0
2 3 4 3   0       0
2 3 4 4   0       0
3 3 4 1   0       0
3 3 4 2   0       0
3 3 4 3   0       0
3 3 4 4   0       0
;

Vap = 1.61632

:     x      V        :=
1 1   1   0.859435
1 2   1   0.335463
1 3   0   0
1 4   1       .
2 2   0   0
2 3   1   0.309729
2 4   1       .
3 3   0   0
3 4   1       .
4 4   1       .
;

:          Viy     Liz     :=
1 1 2 1   0.125   0
1 1 2 2   0.125   0
1 1 2 3   0.125   0
1 1 2 4   0       0
1 1 3 1   0       0
1 1 3 2   0       0
1 1 3 3   0       0
1 1 3 4   0       0
1 1 4 1   0       0
1 1 4 2   0       0
1 1 4 3   0       0
1 1 4 4   0       0.125
1 2 3 1   0       0
1 2 3 2   0       0.125
1 2 3 3   0       0.125
1 2 3 4   0       0
1 2 4 1   0.125   0
1 2 4 2   0       0
1 2 4 3   0       0
1 2 4 4   0       0
1 3 4 1   0       0
1 3 4 2   0       0
1 3 4 3   0       0
1 3 4 4   0       0
2 2 3 1   0       0
2 2 3 2   0       0
2 2 3 3   0       0
2 2 3 4   0       0
2 2 4 1   0       0
2 2 4 2   0       0
2 2 4 3   0       0
2 2 4 4   0       0
2 3 4 1   0       0
2 3 4 2   0.125   0
2 3 4 3   0       0.125
2 3 4 4   0       0
3 3 4 1   0       0
3 3 4 2   0       0
3 3 4 3   0       0
3 3 4 4   0       0
;

Vap = 1.50463

:     x      V        :=
1 1   1   0.346891
1 2   0   0
1 3   0   0
1 4   1       .
2 2   1   0.74943
2 3   1   0.309729
2 4   1       .
3 3   0   0
3 4   1       .
4 4   1       .
;

:          Viy     Liz     :=
1 1 2 1   0       0
1 1 2 2   0       0.125
1 1 2 3   0       0.125
1 1 2 4   0       0.125
1 1 3 1   0       0
1 1 3 2   0       0
1 1 3 3   0       0
1 1 3 4   0       0
1 1 4 1   0.125   0
1 1 4 2   0       0
1 1 4 3   0       0
1 1 4 4   0       0
1 2 3 1   0       0
1 2 3 2   0       0
1 2 3 3   0       0
1 2 3 4   0       0
1 2 4 1   0       0
1 2 4 2   0       0
1 2 4 3   0       0
1 2 4 4   0       0
1 3 4 1   0       0
1 3 4 2   0       0
1 3 4 3   0       0
1 3 4 4   0       0
2 2 3 1   0       0
2 2 3 2   0.125   0
2 2 3 3   0.125   0
2 2 3 4   0       0
2 2 4 1   0       0
2 2 4 2   0       0
2 2 4 3   0       0
2 2 4 4   0       0.125
2 3 4 1   0       0
2 3 4 2   0.125   0
2 3 4 3   0       0.125
2 3 4 4   0       0
3 3 4 1   0       0
3 3 4 2   0       0
3 3 4 3   0       0
3 3 4 4   0       0
;

Vap = 1.40605

:     x      V        :=
1 1   1   0.301049
1 2   1   0.631114
1 3   0   0
1 4   1       .
2 2   1   0.631114
2 3   1   0.309729
2 4   1       .
3 3   0   0
3 4   1       .
4 4   1       .
;

:            Viy          Liz        :=
1 1 2 1   0.125       0
1 1 2 2   0.0155456   0.109454
1 1 2 3   0.0313137   0.0936863
1 1 2 4   0           0.125
1 1 3 1   0           0
1 1 3 2   0           0
1 1 3 3   0           0
1 1 3 4   0           0
1 1 4 1   0           0
1 1 4 2   0           0
1 1 4 3   0           0
1 1 4 4   0           0
1 2 3 1   0           0
1 2 3 2   0           0.0155456
1 2 3 3   0           0.0313137
1 2 3 4   0           0
1 2 4 1   0.125       0
1 2 4 2   0           0
1 2 4 3   0           0
1 2 4 4   0           0
1 3 4 1   0           0
1 3 4 2   0           0
1 3 4 3   0           0
1 3 4 4   0           0
2 2 3 1   0           0
2 2 3 2   0.109454    0
2 2 3 3   0.0936863   0
2 2 3 4   0           0
2 2 4 1   0           0
2 2 4 2   0           1.2078e-09
2 2 4 3   0           1.13408e-09
2 2 4 4   0           0.125
2 3 4 1   0           0
2 3 4 2   0.125       1.17993e-09
2 3 4 3   0           0.125
2 3 4 4   0           0
3 3 4 1   0           0
3 3 4 2   0           0
3 3 4 3   0           0
3 3 4 4   0           0
;

Vap = 1.24189

:     x      V        :=
1 1   1   0.859435
1 2   1   0.248487
1 3   1   0.250931
1 4   1       .
2 2   0   0
2 3   1   0.250931
2 4   1       .
3 3   0   0
3 4   1       .
4 4   1       .
;

:            Viy         Liz        :=
1 1 2 1   0.125       0
1 1 2 2   0.125       0
1 1 2 3   0.125       0
1 1 2 4   0           0
1 1 3 1   0           0
1 1 3 2   0           0
1 1 3 3   0           0
1 1 3 4   0           0
1 1 4 1   0           0
1 1 4 2   0           0
1 1 4 3   0           0
1 1 4 4   0           0.125
1 2 3 1   0.125       0
1 2 3 2   0.0383888   0.0866112
1 2 3 3   0           0.125
1 2 3 4   0           0
1 2 4 1   0           0
1 2 4 2   0           0
1 2 4 3   0           0
1 2 4 4   0           0
1 3 4 1   0.125       0
1 3 4 2   0           0.0383888
1 3 4 3   0           0
1 3 4 4   0           0
2 2 3 1   0           0
2 2 3 2   0           0
2 2 3 3   0           0
2 2 3 4   0           0
2 2 4 1   0           0
2 2 4 2   0           0
2 2 4 3   0           0
2 2 4 4   0           0
2 3 4 1   0           0
2 3 4 2   0.0866112   2.8961e-15
2 3 4 3   0           0.125
2 3 4 4   0           0
3 3 4 1   0           0
3 3 4 2   0           0
3 3 4 3   0           0
3 3 4 4   0           0
;

Vap = 1.35885

:     x      V        :=
1 1   1   0.261928
1 2   0   0
1 3   1   0.252093
1 4   1       .
2 2   1   0.70755
2 3   1   0.252093
2 4   1       .
3 3   0   0
3 4   1       .
4 4   1       .
;

:            Viy          Liz        :=
1 1 2 1   0           0
1 1 2 2   0           0.0851029
1 1 2 3   0           0.125
1 1 2 4   0           0.125
1 1 3 1   0.125       0
1 1 3 2   0.0398971   0
1 1 3 3   0           0
1 1 3 4   0           0
1 1 4 1   0           0
1 1 4 2   0           0
1 1 4 3   0           0
1 1 4 4   0           0
1 2 3 1   0           0
1 2 3 2   0           0
1 2 3 3   0           0
1 2 3 4   0           0
1 2 4 1   0           0
1 2 4 2   0           0
1 2 4 3   0           0
1 2 4 4   0           0
1 3 4 1   0.125       0
1 3 4 2   0           0.0398971
1 3 4 3   0           0
1 3 4 4   0           0
2 2 3 1   0           0
2 2 3 2   0.0851029   0
2 2 3 3   0.125       0
2 2 3 4   0           0
2 2 4 1   0           0
2 2 4 2   0           6.3962e-15
2 2 4 3   0           0
2 2 4 4   0           0.125
2 3 4 1   0           0
2 3 4 2   0.0851029   6.39992e-15
2 3 4 3   0           0.125
2 3 4 4   0           0
3 3 4 1   0           0
3 3 4 2   0           0
3 3 4 3   0           0
3 3 4 4   0           0
;

Vap = 1.22157

:     x      V        :=
1 1   1   0.257873
1 2   1   0.667378
1 3   1   0.248487
1 4   1       .
2 2   1   0.667378
2 3   1   0.248487
2 4   1       .
3 3   0   0
3 4   1       .
4 4   1       .
;

:            Viy          Liz        :=
1 1 2 1   0.125       0
1 1 2 2   0.0393609   0.0856391
1 1 2 3   0.012775    0.112225
1 1 2 4   0           0.125
1 1 3 1   0           0
1 1 3 2   0           0
1 1 3 3   0           0
1 1 3 4   0           0
1 1 4 1   0           0
1 1 4 2   0           0
1 1 4 3   0           0
1 1 4 4   0           0
1 2 3 1   0.125       0
1 2 3 2   0.0352185   0.00414247
1 2 3 3   0           0.012775
1 2 3 4   0           0
1 2 4 1   0           0
1 2 4 2   0           0
1 2 4 3   0           0
1 2 4 4   0           0
1 3 4 1   0.125       0
1 3 4 2   0           0.0352185
1 3 4 3   0           0
1 3 4 4   0           0
2 2 3 1   0           0
2 2 3 2   0.0856391   0
2 2 3 3   0.112225    0
2 2 3 4   0           0
2 2 4 1   0           0
2 2 4 2   0           5.57443e-09
2 2 4 3   0           6.11424e-09
2 2 4 4   0           0.125
2 3 4 1   0           0
2 3 4 2   0.0897815   3.59255e-09
2 3 4 3   0           0.125
2 3 4 4   0           0
3 3 4 1   0           0
3 3 4 2   0           0
3 3 4 3   0           0
3 3 4 4   0           0
;

Vap = 1.17374

:     x      V        :=
1 1   1   0.346891
1 2   0   0
1 3   0   0
1 4   1       .
2 2   1   0.346827
2 3   0   0
2 4   1       .
3 3   1   0.625
3 4   1       .
4 4   1       .
;

:          Viy     Liz     :=
1 1 2 1   0       0
1 1 2 2   0       0.125
1 1 2 3   0       0.125
1 1 2 4   0       0.125
1 1 3 1   0       0
1 1 3 2   0       0
1 1 3 3   0       0
1 1 3 4   0       0
1 1 4 1   0.125   0
1 1 4 2   0       0
1 1 4 3   0       0
1 1 4 4   0       0
1 2 3 1   0       0
1 2 3 2   0       0
1 2 3 3   0       0
1 2 3 4   0       0
1 2 4 1   0       0
1 2 4 2   0       0
1 2 4 3   0       0
1 2 4 4   0       0
1 3 4 1   0       0
1 3 4 2   0       0
1 3 4 3   0       0
1 3 4 4   0       0
2 2 3 1   0       0
2 2 3 2   0       0
2 2 3 3   0       0.125
2 2 3 4   0       0.125
2 2 4 1   0       0
2 2 4 2   0.125   0
2 2 4 3   0       0
2 2 4 4   0       0
2 3 4 1   0       0
2 3 4 2   0       0
2 3 4 3   0       0
2 3 4 4   0       0
3 3 4 1   0       0
3 3 4 2   0       0
3 3 4 3   0.125   0
3 3 4 4   0       0.125
;

Vap = 1.31872

:     x      V        :=
1 1   1   0.464138
1 2   0   0
1 3   1   0.317686
1 4   1       .
2 2   0   0
2 3   0   0
2 4   1       .
3 3   1   0.625
3 4   1       .
4 4   1       .
;

:          Viy     Liz     :=
1 1 2 1   0       0
1 1 2 2   0       0
1 1 2 3   0       0
1 1 2 4   0       0
1 1 3 1   0.125   0
1 1 3 2   0.125   0
1 1 3 3   0       0.125
1 1 3 4   0       0.125
1 1 4 1   0       0
1 1 4 2   0       0
1 1 4 3   0       0
1 1 4 4   0       0
1 2 3 1   0       0
1 2 3 2   0       0
1 2 3 3   0       0
1 2 3 4   0       0
1 2 4 1   0       0
1 2 4 2   0       0
1 2 4 3   0       0
1 2 4 4   0       0
1 3 4 1   0.125   0
1 3 4 2   0       0.125
1 3 4 3   0       0
1 3 4 4   0       0
2 2 3 1   0       0
2 2 3 2   0       0
2 2 3 3   0       0
2 2 3 4   0       0
2 2 4 1   0       0
2 2 4 2   0       0
2 2 4 3   0       0
2 2 4 4   0       0
2 3 4 1   0       0
2 3 4 2   0       0
2 3 4 3   0       0
2 3 4 4   0       0
3 3 4 1   0       0
3 3 4 2   0       0
3 3 4 3   0.125   0
3 3 4 4   0       0.125
;

Vap = 1.40682

:     x      V        :=
1 1   1   0.411468
1 2   1   0.567658
1 3   1   0.317686
1 4   1       .
2 2   0   0
2 3   0   0
2 4   1       .
3 3   1   0.567658
3 4   1       .
4 4   1       .
;

:           Viy          Liz        :=
1 1 2 1   0.125      0
1 1 2 2   0.125      0
1 1 2 3   0.019114   0
1 1 2 4   0          0
1 1 3 1   0          0
1 1 3 2   0          0
1 1 3 3   0          0.105886
1 1 3 4   0          0.125
1 1 4 1   0          0
1 1 4 2   0          0
1 1 4 3   0          0
1 1 4 4   0          0
1 2 3 1   0.125      0
1 2 3 2   0.125      0
1 2 3 3   0          0
1 2 3 4   0          0
1 2 4 1   0          0
1 2 4 2   0          0
1 2 4 3   0          0.019114
1 2 4 4   0          0
1 3 4 1   0.125      0
1 3 4 2   0          0.125
1 3 4 3   0          0
1 3 4 4   0          0
2 2 3 1   0          0
2 2 3 2   0          0
2 2 3 3   0          0
2 2 3 4   0          0
2 2 4 1   0          0
2 2 4 2   0          0
2 2 4 3   0          0
2 2 4 4   0          0
2 3 4 1   0          0
2 3 4 2   0          0
2 3 4 3   0          0
2 3 4 4   0          0
3 3 4 1   0          0
3 3 4 2   0          0
3 3 4 3   0.105886   5.71332e-13
3 3 4 4   0          0.125
;

Vap = 1.29681

:     x      V        :=
1 1   1   0.261928
1 2   0   0
1 3   1   0.280845
1 4   1       .
2 2   1   0.280845
2 3   0   0
2 4   1       .
3 3   1   0.625
3 4   1       .
4 4   1       .
;

:             Viy           Liz        :=
1 1 2 1   0             0
1 1 2 2   0             0.0851029
1 1 2 3   0             0.125
1 1 2 4   0             0.125
1 1 3 1   0.125         0
1 1 3 2   0.0398971     0
1 1 3 3   0             0
1 1 3 4   0             0
1 1 4 1   0             0
1 1 4 2   0             0
1 1 4 3   0             0
1 1 4 4   0             0
1 2 3 1   0             0
1 2 3 2   0             0
1 2 3 3   0             0
1 2 3 4   0             0
1 2 4 1   0             0
1 2 4 2   0             0
1 2 4 3   0             0
1 2 4 4   0             0
1 3 4 1   0.125         0
1 3 4 2   0             0.0398971
1 3 4 3   0             0
1 3 4 4   0             0
2 2 3 1   0             0
2 2 3 2   0             1.31691e-11
2 2 3 3   0             0.125
2 2 3 4   0             0.125
2 2 4 1   0             0
2 2 4 2   0.0851029     0
2 2 4 3   0             0
2 2 4 4   0             0
2 3 4 1   0             0
2 3 4 2   0             0
2 3 4 3   0             0
2 3 4 4   0             0
3 3 4 1   0             0
3 3 4 2   1.97537e-11   1.97537e-11
3 3 4 3   0.125         0
3 3 4 4   0             0.125
;

Vap = 1.16777

:     x      V        :=
1 1   1   0.257282
1 2   1   0.596977
1 3   1   0.258936
1 4   1       .
2 2   1   0.258936
2 3   0   0
2 4   1       .
3 3   1   0.596977
3 4   1       .
4 4   1       .
;

:             Viy           Liz        :=
1 1 2 1   0.125         0
1 1 2 2   0.0487751     0.0762249
1 1 2 3   0.00934116    0.115659
1 1 2 4   0             0.125
1 1 3 1   0             0
1 1 3 2   0             0
1 1 3 3   0             0
1 1 3 4   0             0
1 1 4 1   0             0
1 1 4 2   0             0
1 1 4 3   0             0
1 1 4 4   0             0
1 2 3 1   0.125         0
1 2 3 2   0.0487751     0
1 2 3 3   0             0
1 2 3 4   0             0
1 2 4 1   0             0
1 2 4 2   0             2.56363e-12
1 2 4 3   0             0.00934116
1 2 4 4   0             0
1 3 4 1   0.125         0
1 3 4 2   0             0.0487751
1 3 4 3   0             0
1 3 4 4   0             0
2 2 3 1   0             0
2 2 3 2   0             1.11462e-14
2 2 3 3   0             0.115659
2 2 3 4   0             0.125
2 2 4 1   0             0
2 2 4 2   0.0762249     0
2 2 4 3   0             0
2 2 4 4   0             0
2 3 4 1   0             0
2 3 4 2   0             0
2 3 4 3   0             0
2 3 4 4   0             0
3 3 4 1   0             0
3 3 4 2   1.11462e-14   1.11365e-14
3 3 4 3   0.115659      1.11365e-14
3 3 4 4   0             0.125
;

Vap = 1.11319

:     x      V        :=
1 1   1   0.411468
1 2   1   0.320256
1 3   0   0
1 4   1       .
2 2   0   0
2 3   1   0.567658
2 4   1       .
3 3   1   0.567658
3 4   1       .
4 4   1       .
;

:           Viy          Liz        :=
1 1 2 1   0.125      0
1 1 2 2   0.125      0
1 1 2 3   0.019114   0
1 1 2 4   0          0
1 1 3 1   0          0
1 1 3 2   0          0
1 1 3 3   0          0.105886
1 1 3 4   0          0.125
1 1 4 1   0          0
1 1 4 2   0          0
1 1 4 3   0          0
1 1 4 4   0          0
1 2 3 1   0          0
1 2 3 2   0          0.125
1 2 3 3   0          0.019114
1 2 3 4   0          0
1 2 4 1   0.125      0
1 2 4 2   0          0
1 2 4 3   0          0
1 2 4 4   0          0
1 3 4 1   0          0
1 3 4 2   0          0
1 3 4 3   0          0
1 3 4 4   0          0
2 2 3 1   0          0
2 2 3 2   0          0
2 2 3 3   0          0
2 2 3 4   0          0
2 2 4 1   0          0
2 2 4 2   0          0
2 2 4 3   0          0
2 2 4 4   0          0
2 3 4 1   0          0
2 3 4 2   0.125      0
2 3 4 3   0          0.019114
2 3 4 4   0          0
3 3 4 1   0          0
3 3 4 2   0          0
3 3 4 3   0.105886   8.68003e-12
3 3 4 4   0          0.125
;

Vap = 1.29938

:     x      V        :=
1 1   1   0.346891
1 2   0   0
1 3   0   0
1 4   1       .
2 2   1   0.297925
2 3   1   0.550889
2 4   1       .
3 3   1   0.550889
3 4   1       .
4 4   1       .
;

:            Viy          Liz        :=
1 1 2 1   0           0
1 1 2 2   0           0.125
1 1 2 3   0           0.125
1 1 2 4   0           0.125
1 1 3 1   0           0
1 1 3 2   0           0
1 1 3 3   0           0
1 1 3 4   0           0
1 1 4 1   0.125       0
1 1 4 2   0           0
1 1 4 3   0           0
1 1 4 4   0           0
1 2 3 1   0           0
1 2 3 2   0           0
1 2 3 3   0           0
1 2 3 4   0           0
1 2 4 1   0           0
1 2 4 2   0           0
1 2 4 3   0           0
1 2 4 4   0           0
1 3 4 1   0           0
1 3 4 2   0           0
1 3 4 3   0           0
1 3 4 4   0           0
2 2 3 1   0           0
2 2 3 2   0.125       0
2 2 3 3   0.0247036   0.100296
2 2 3 4   0           0.125
2 2 4 1   0           0
2 2 4 2   0           0
2 2 4 3   0           0
2 2 4 4   0           0
2 3 4 1   0           0
2 3 4 2   0.125       0
2 3 4 3   0           0.0247036
2 3 4 4   0           0
3 3 4 1   0           0
3 3 4 2   0           0
3 3 4 3   0.100296    9.63512e-13
3 3 4 4   0           0.125
;

Vap = 1.19571

:     x      V        :=
1 1   1   0.270611
1 2   1   0.247412
1 3   0   0
1 4   1       .
2 2   1   0.247412
2 3   1   0.503615
2 4   1       .
3 3   1   0.503615
3 4   1       .
4 4   1       .
;

:             Viy            Liz        :=
1 1 2 1    0.125         0
1 1 2 2    0.032335      0.092665
1 1 2 3    0.0182442     0.106756
1 1 2 4    0             0.125
1 1 3 1    0             0
1 1 3 2    0             0
1 1 3 3    0             0
1 1 3 4    0             0
1 1 4 1    0             0
1 1 4 2    0             0
1 1 4 3    0             0
1 1 4 4    0             0
1 2 3 1    0             0
1 2 3 2    0             0.032335
1 2 3 3    0             0.0182442
1 2 3 4    0             0
1 2 4 1    0.125         0
1 2 4 2    0             0
1 2 4 3    0             0
1 2 4 4    0             0
1 3 4 1    0             0
1 3 4 2    0             0
1 3 4 3    0             0
1 3 4 4    0             0
2 2 3 1    0             0
2 2 3 2    0.092665      9.9885e-08
2 2 3 3    0.022217      0.0845387
2 2 3 4    0             0.125
2 2 4 1    0             0
2 2 4 2    0             0
2 2 4 3    0             0
2 2 4 4    0             0
2 3 4 1    0             0
2 3 4 2    0.125         4.26206e-07
2 3 4 3    0             0.0404613
2 3 4 4    0             0
3 3 4 1    0             0
3 3 4 2   -1.98752e-08   2.7603e-07
3 3 4 3    0.0845386     2.9906e-07
3 3 4 4    0             0.125
;

Vap = 1.02164

:     x      V        :=
1 1   1   0.411468
1 2   1   0.224459
1 3   1   0.567658
1 4   1       .
2 2   0   0
2 3   1   0.567658
2 4   1       .
3 3   1   0.567658
3 4   1       .
4 4   1       .
;

:            Viy          Liz        :=
1 1 2 1   0.125       0
1 1 2 2   0.125       0
1 1 2 3   0.019114    0
1 1 2 4   0           0
1 1 3 1   0           0
1 1 3 2   0           0
1 1 3 3   0           0.105886
1 1 3 4   0           0.125
1 1 4 1   0           0
1 1 4 2   0           0
1 1 4 3   0           0
1 1 4 4   0           0
1 2 3 1   0.125       0
1 2 3 2   0.0383888   0.0866112
1 2 3 3   0           0.019114
1 2 3 4   0           0
1 2 4 1   0           0
1 2 4 2   0           0
1 2 4 3   0           0
1 2 4 4   0           0
1 3 4 1   0.125       0
1 3 4 2   0           0.0383888
1 3 4 3   0           0
1 3 4 4   0           0
2 2 3 1   0           0
2 2 3 2   0           0
2 2 3 3   0           0
2 2 3 4   0           0
2 2 4 1   0           0
2 2 4 2   0           0
2 2 4 3   0           0
2 2 4 4   0           0
2 3 4 1   0           0
2 3 4 2   0.0866112   1.61113e-10
2 3 4 3   0           0.019114
2 3 4 4   0           0
3 3 4 1   0           0
3 3 4 2   0           0
3 3 4 3   0.105886    2.74624e-11
3 3 4 4   0           0.125
;

Vap = 1.20358

:     x      V        :=
1 1   1   0.261928
1 2   0   0
1 3   1   0.550889
1 4   1       .
2 2   1   0.242258
2 3   1   0.550889
2 4   1       .
3 3   1   0.550889
3 4   1       .
4 4   1       .
;

:             Viy           Liz        :=
1 1 2 1   0             0
1 1 2 2   0             0.0851029
1 1 2 3   0             0.125
1 1 2 4   0             0.125
1 1 3 1   0.125         0
1 1 3 2   0.0398971     0
1 1 3 3   0             0
1 1 3 4   0             0
1 1 4 1   0             0
1 1 4 2   0             0
1 1 4 3   0             0
1 1 4 4   0             0
1 2 3 1   0             0
1 2 3 2   0             0
1 2 3 3   0             0
1 2 3 4   0             0
1 2 4 1   0             0
1 2 4 2   0             0
1 2 4 3   0             0
1 2 4 4   0             0
1 3 4 1   0.125         0
1 3 4 2   0             0.0398971
1 3 4 3   0             0
1 3 4 4   0             0
2 2 3 1   0             0
2 2 3 2   0.0851029     8.81187e-13
2 2 3 3   0.0247036     0.100296
2 2 3 4   0             0.125
2 2 4 1   0             0
2 2 4 2   0             0
2 2 4 3   0             0
2 2 4 4   0             0
2 3 4 1   0             0
2 3 4 2   0.0851029     5.17484e-14
2 3 4 3   0             0.0247036
2 3 4 4   0             0
3 3 4 1   0             0
3 3 4 2   7.15093e-13   1.30125e-13
3 3 4 3   0.100296      3.74016e-12
3 3 4 4   0             0.125
;

Vap = 1.05508

:     x      V        :=
1 1   1   0.248594
1 2   1   0.230653
1 3   1   0.52973
1 4   1       .
2 2   1   0.230653
2 3   1   0.52973
2 4   1       .
3 3   1   0.52973
3 4   1       .
4 4   1       .
;

:             Viy           Liz        :=
1 1 2 1   0.125         0
1 1 2 2   0.0444797     0.0805203
1 1 2 3   0.00879044    0.11621
1 1 2 4   0             0.125
1 1 3 1   0             0
1 1 3 2   0             0
1 1 3 3   0             0
1 1 3 4   0             0
1 1 4 1   0             0
1 1 4 2   0             0
1 1 4 3   0             0
1 1 4 4   0             0
1 2 3 1   0.125         0
1 2 3 2   0.0313836     0.0130961
1 2 3 3   0             0.00879044
1 2 3 4   0             0
1 2 4 1   0             0
1 2 4 2   0             0
1 2 4 3   0             0
1 2 4 4   0             0
1 3 4 1   0.125         0
1 3 4 2   0             0.0313836
1 3 4 3   0             0
1 3 4 4   0             0
2 2 3 1   0             0
2 2 3 2   0.0805203     1.89976e-09
2 2 3 3   0.0229663     0.0932432
2 2 3 4   0             0.125
2 2 4 1   0             0
2 2 4 2   0             0
2 2 4 3   0             0
2 2 4 4   0             0
2 3 4 1   0             0
2 3 4 2   0.0936164     1.20569e-09
2 3 4 3   0             0.0317568
2 3 4 4   0             0
3 3 4 1   0             0
3 3 4 2   1.70231e-09   8.86696e-10
3 3 4 3   0.0932432     1.20576e-09
3 3 4 4   0             0.125
;

Vap = 1.00898

