:     x      V        :=
1 1   1   0.887159
1 2   1   0.888869
1 3   1   0.62727
1 4   1       .
2 2   0   0
2 3   0   0
2 4   1       .
3 3   0   0
3 4   1       .
4 4   1       .
;

:           Viy        Liz       :=
1 1 2 1   0.071028   0
1 1 2 2   0.161832   0
1 1 2 3   0.110832   0
1 1 2 4   0          0
1 1 3 1   0          0
1 1 3 2   0          0
1 1 3 3   0          0
1 1 3 4   0          0
1 1 4 1   0          0
1 1 4 2   0          0
1 1 4 3   0          0
1 1 4 4   0          0.056308
1 2 3 1   0.071028   0
1 2 3 2   0.161832   0
1 2 3 3   0          0
1 2 3 4   0          0
1 2 4 1   0          0
1 2 4 2   0          0
1 2 4 3   0          0.110832
1 2 4 4   0          0
1 3 4 1   0.071028   0
1 3 4 2   0          0.161832
1 3 4 3   0          0
1 3 4 4   0          0
2 2 3 1   0          0
2 2 3 2   0          0
2 2 3 3   0          0
2 2 3 4   0          0
2 2 4 1   0          0
2 2 4 2   0          0
2 2 4 3   0          0
2 2 4 4   0          0
2 3 4 1   0          0
2 3 4 2   0          0
2 3 4 3   0          0
2 3 4 4   0          0
3 3 4 1   0          0
3 3 4 2   0          0
3 3 4 3   0          0
3 3 4 4   0          0
;

Vap = 1.82675

:     x      V        :=
1 1   1   0.887159
1 2   1   0.795242
1 3   0   0
1 4   1       .
2 2   0   0
2 3   1   0.671436
2 4   1       .
3 3   0   0
3 4   1       .
4 4   1       .
;

:           Viy        Liz       :=
1 1 2 1   0.071028   0
1 1 2 2   0.161832   0
1 1 2 3   0.110832   0
1 1 2 4   0          0
1 1 3 1   0          0
1 1 3 2   0          0
1 1 3 3   0          0
1 1 3 4   0          0
1 1 4 1   0          0
1 1 4 2   0          0
1 1 4 3   0          0
1 1 4 4   0          0.056308
1 2 3 1   0          0
1 2 3 2   0          0.161832
1 2 3 3   0          0.110832
1 2 3 4   0          0
1 2 4 1   0.071028   0
1 2 4 2   0          0
1 2 4 3   0          0
1 2 4 4   0          0
1 3 4 1   0          0
1 3 4 2   0          0
1 3 4 3   0          0
1 3 4 4   0          0
2 2 3 1   0          0
2 2 3 2   0          0
2 2 3 3   0          0
2 2 3 4   0          0
2 2 4 1   0          0
2 2 4 2   0          0
2 2 4 3   0          0
2 2 4 4   0          0
2 3 4 1   0          0
2 3 4 2   0.161832   0
2 3 4 3   0          0.110832
2 3 4 4   0          0
3 3 4 1   0          0
3 3 4 2   0          0
3 3 4 3   0          0
3 3 4 4   0          0
;

Vap = 2.01014

:     x      V        :=
1 1   1   0.548167
1 2   0   0
1 3   0   0
1 4   1       .
2 2   1   0.796378
2 3   1   0.782269
2 4   1       .
3 3   0   0
3 4   1       .
4 4   1       .
;

:           Viy        Liz       :=
1 1 2 1   0          0
1 1 2 2   0          0.161832
1 1 2 3   0          0.110832
1 1 2 4   0          0.056308
1 1 3 1   0          0
1 1 3 2   0          0
1 1 3 3   0          0
1 1 3 4   0          0
1 1 4 1   0.071028   0
1 1 4 2   0          0
1 1 4 3   0          0
1 1 4 4   0          0
1 2 3 1   0          0
1 2 3 2   0          0
1 2 3 3   0          0
1 2 3 4   0          0
1 2 4 1   0          0
1 2 4 2   0          0
1 2 4 3   0          0
1 2 4 4   0          0
1 3 4 1   0          0
1 3 4 2   0          0
1 3 4 3   0          0
1 3 4 4   0          0
2 2 3 1   0          0
2 2 3 2   0.161832   0
2 2 3 3   0.110832   0
2 2 3 4   0          0
2 2 4 1   0          0
2 2 4 2   0          0
2 2 4 3   0          0
2 2 4 4   0          0.056308
2 3 4 1   0          0
2 3 4 2   0.161832   0
2 3 4 3   0          0.110832
2 3 4 4   0          0
3 3 4 1   0          0
3 3 4 2   0          0
3 3 4 3   0          0
3 3 4 4   0          0
;

Vap = 1.85415

:     x      V        :=
1 1   1   0.38293
1 2   1   0.712976
1 3   0   0
1 4   1       .
2 2   1   0.549515
2 3   1   0.73833
2 4   1       .
3 3   0   0
3 4   1       .
4 4   1       .
;

:            Viy          Liz        :=
1 1 2 1   0.071028    0
1 1 2 2   0.0484951   0.113337
1 1 2 3   0.0439378   0.0668942
1 1 2 4   0           0.056308
1 1 3 1   0           0
1 1 3 2   0           0
1 1 3 3   0           0
1 1 3 4   0           0
1 1 4 1   0           0
1 1 4 2   0           0
1 1 4 3   0           0
1 1 4 4   0           0
1 2 3 1   0           0
1 2 3 2   0           0.0484951
1 2 3 3   0           0.0439378
1 2 3 4   0           0
1 2 4 1   0.071028    0
1 2 4 2   0           0
1 2 4 3   0           0
1 2 4 4   0           0
1 3 4 1   0           0
1 3 4 2   0           0
1 3 4 3   0           0
1 3 4 4   0           0
2 2 3 1   0           0
2 2 3 2   0.113337    0
2 2 3 3   0.0668941   0
2 2 3 4   0           0
2 2 4 1   0           0
2 2 4 2   0           2.1862e-07
2 2 4 3   0           1.95917e-07
2 2 4 4   0           0.056308
2 3 4 1   0           0
2 3 4 2   0.161832    1.27689e-07
2 3 4 3   0           0.110832
2 3 4 4   0           0
3 3 4 1   0           0
3 3 4 2   0           0
3 3 4 3   0           0
3 3 4 4   0           0
;

Vap = 1.49054

:     x      V        :=
1 1   1   0.887159
1 2   1   0.582144
1 3   1   0.563897
1 4   1       .
2 2   0   0
2 3   1   0.397326
2 4   1       .
3 3   0   0
3 4   1       .
4 4   1       .
;

:            Viy          Liz        :=
1 1 2 1   0.071028    0
1 1 2 2   0.161832    0
1 1 2 3   0.110832    0
1 1 2 4   0           0
1 1 3 1   0           0
1 1 3 2   0           0
1 1 3 3   0           0
1 1 3 4   0           0
1 1 4 1   0           0
1 1 4 2   0           0
1 1 4 3   0           0
1 1 4 4   0           0.056308
1 2 3 1   0.071028    0
1 2 3 2   0.0955427   0.0662893
1 2 3 3   0           0.110832
1 2 3 4   0           0
1 2 4 1   0           0
1 2 4 2   0           0
1 2 4 3   0           0
1 2 4 4   0           0
1 3 4 1   0.071028    0
1 3 4 2   0           0.0955427
1 3 4 3   0           0
1 3 4 4   0           0
2 2 3 1   0           0
2 2 3 2   0           0
2 2 3 3   0           0
2 2 3 4   0           0
2 2 4 1   0           0
2 2 4 2   0           0
2 2 4 3   0           0
2 2 4 4   0           0
2 3 4 1   0           0
2 3 4 2   0.0662893   9.14364e-11
2 3 4 3   0           0.110832
2 3 4 4   0           0
3 3 4 1   0           0
3 3 4 2   0           0
3 3 4 3   0           0
3 3 4 4   0           0
;

Vap = 1.52294

:     x      V        :=
1 1   1   0.387044
1 2   0   0
1 3   1   0.737562
1 4   1       .
2 2   1   0.690952
2 3   1   0.60461
2 4   1       .
3 3   0   0
3 4   1       .
4 4   1       .
;

:           Viy          Liz        :=
1 1 2 1   0          0
1 1 2 2   0          0.099908
1 1 2 3   0          0.110832
1 1 2 4   0          0.056308
1 1 3 1   0.071028   0
1 1 3 2   0.061924   0
1 1 3 3   0          0
1 1 3 4   0          0
1 1 4 1   0          0
1 1 4 2   0          0
1 1 4 3   0          0
1 1 4 4   0          0
1 2 3 1   0          0
1 2 3 2   0          0
1 2 3 3   0          0
1 2 3 4   0          0
1 2 4 1   0          0
1 2 4 2   0          0
1 2 4 3   0          0
1 2 4 4   0          0
1 3 4 1   0.071028   0
1 3 4 2   0          0.061924
1 3 4 3   0          0
1 3 4 4   0          0
2 2 3 1   0          0
2 2 3 2   0.099908   0
2 2 3 3   0.110832   0
2 2 3 4   0          0
2 2 4 1   0          0
2 2 4 2   0          3.0062e-11
2 2 4 3   0          0
2 2 4 4   0          0.056308
2 3 4 1   0          0
2 3 4 2   0.099908   2.52929e-11
2 3 4 3   0          0.110832
2 3 4 4   0          0
3 3 4 1   0          0
3 3 4 2   0          0
3 3 4 3   0          0
3 3 4 4   0          0
;

Vap = 1.47187

:     x      V        :=
1 1   1   0.51799
1 2   1   0.692968
1 3   1   0.563601
1 4   1       .
2 2   1   0.447493
2 3   1   0.354377
2 4   1       .
3 3   0   0
3 4   1       .
4 4   1       .
;

:            Viy          Liz        :=
1 1 2 1   0.071028    0
1 1 2 2   0.143038    0.018794
1 1 2 3   0.0314083   0.0794237
1 1 2 4   0           0.056308
1 1 3 1   0           0
1 1 3 2   0           0
1 1 3 3   0           0
1 1 3 4   0           0
1 1 4 1   0           0
1 1 4 2   0           0
1 1 4 3   0           0
1 1 4 4   0           0
1 2 3 1   0.071028    0
1 2 3 2   0.138196    0.00484162
1 2 3 3   0           0.0314083
1 2 3 4   0           0
1 2 4 1   0           0
1 2 4 2   0           0
1 2 4 3   0           0
1 2 4 4   0           0
1 3 4 1   0.071028    0
1 3 4 2   0           0.138196
1 3 4 3   0           0
1 3 4 4   0           0
2 2 3 1   0           0
2 2 3 2   0.018794    0
2 2 3 3   0.0794237   0
2 2 3 4   0           0
2 2 4 1   0           0
2 2 4 2   0           8.65812e-10
2 2 4 3   0           8.87123e-10
2 2 4 4   0           0.056308
2 3 4 1   0           0
2 3 4 2   0.0236356   8.088e-10
2 3 4 3   0           0.110832
2 3 4 4   0           0
3 3 4 1   0           0
3 3 4 2   0           0
3 3 4 3   0           0
3 3 4 4   0           0
;

Vap = 1.22164

:     x      V        :=
1 1   1   0.548167
1 2   0   0
1 3   0   0
1 4   1       .
2 2   1   0.700644
2 3   0   0
2 4   1       .
3 3   1   0.530782
3 4   1       .
4 4   1       .
;

:           Viy        Liz       :=
1 1 2 1   0          0
1 1 2 2   0          0.161832
1 1 2 3   0          0.110832
1 1 2 4   0          0.056308
1 1 3 1   0          0
1 1 3 2   0          0
1 1 3 3   0          0
1 1 3 4   0          0
1 1 4 1   0.071028   0
1 1 4 2   0          0
1 1 4 3   0          0
1 1 4 4   0          0
1 2 3 1   0          0
1 2 3 2   0          0
1 2 3 3   0          0
1 2 3 4   0          0
1 2 4 1   0          0
1 2 4 2   0          0
1 2 4 3   0          0
1 2 4 4   0          0
1 3 4 1   0          0
1 3 4 2   0          0
1 3 4 3   0          0
1 3 4 4   0          0
2 2 3 1   0          0
2 2 3 2   0          0
2 2 3 3   0          0.110832
2 2 3 4   0          0.056308
2 2 4 1   0          0
2 2 4 2   0.161832   0
2 2 4 3   0          0
2 2 4 4   0          0
2 3 4 1   0          0
2 3 4 2   0          0
2 3 4 3   0          0
2 3 4 4   0          0
3 3 4 1   0          0
3 3 4 2   0          0
3 3 4 3   0.110832   0
3 3 4 4   0          0.056308
;

Vap = 1.77959

:     x      V        :=
1 1   1   0.793538
1 2   0   0
1 3   1   0.62727
1 4   1       .
2 2   0   0
2 3   0   0
2 4   1       .
3 3   1   0.530782
3 4   1       .
4 4   1       .
;

:           Viy        Liz       :=
1 1 2 1   0          0
1 1 2 2   0          0
1 1 2 3   0          0
1 1 2 4   0          0
1 1 3 1   0.071028   0
1 1 3 2   0.161832   0
1 1 3 3   0          0.110832
1 1 3 4   0          0.056308
1 1 4 1   0          0
1 1 4 2   0          0
1 1 4 3   0          0
1 1 4 4   0          0
1 2 3 1   0          0
1 2 3 2   0          0
1 2 3 3   0          0
1 2 3 4   0          0
1 2 4 1   0          0
1 2 4 2   0          0
1 2 4 3   0          0
1 2 4 4   0          0
1 3 4 1   0.071028   0
1 3 4 2   0          0.161832
1 3 4 3   0          0
1 3 4 4   0          0
2 2 3 1   0          0
2 2 3 2   0          0
2 2 3 3   0          0
2 2 3 4   0          0
2 2 4 1   0          0
2 2 4 2   0          0
2 2 4 3   0          0
2 2 4 4   0          0
2 3 4 1   0          0
2 3 4 2   0          0
2 3 4 3   0          0
2 3 4 4   0          0
3 3 4 1   0          0
3 3 4 2   0          0
3 3 4 3   0.110832   0
3 3 4 4   0          0.056308
;

Vap = 1.71873

:     x      V        :=
1 1   1   0.570827
1 2   1   0.680159
1 3   1   0.62727
1 4   1       .
2 2   0   0
2 3   0   0
2 4   1       .
3 3   1   0.412162
3 4   1       .
4 4   1       .
;

:            Viy          Liz        :=
1 1 2 1   0.071028    0
1 1 2 2   0.161832    0
1 1 2 3   0.0351364   0
1 1 2 4   0           0
1 1 3 1   0           0
1 1 3 2   0           0
1 1 3 3   0           0.0756956
1 1 3 4   0           0.056308
1 1 4 1   0           0
1 1 4 2   0           0
1 1 4 3   0           0
1 1 4 4   0           0
1 2 3 1   0.071028    0
1 2 3 2   0.161832    0
1 2 3 3   0           0
1 2 3 4   0           0
1 2 4 1   0           0
1 2 4 2   0           0
1 2 4 3   0           0.0351364
1 2 4 4   0           0
1 3 4 1   0.071028    0
1 3 4 2   0           0.161832
1 3 4 3   0           0
1 3 4 4   0           0
2 2 3 1   0           0
2 2 3 2   0           0
2 2 3 3   0           0
2 2 3 4   0           0
2 2 4 1   0           0
2 2 4 2   0           0
2 2 4 3   0           0
2 2 4 4   0           0
2 3 4 1   0           0
2 3 4 2   0           0
2 3 4 3   0           0
2 3 4 4   0           0
3 3 4 1   0           0
3 3 4 2   0           0
3 3 4 3   0.0756956   1.28932e-16
3 3 4 4   0           0.056308
;

Vap = 1.3774

:     x      V        :=
1 1   1   0.387044
1 2   0   0
1 3   1   0.661541
1 4   1       .
2 2   1   0.528589
2 3   0   0
2 4   1       .
3 3   1   0.530782
3 4   1       .
4 4   1       .
;

:            Viy           Liz        :=
1 1 2 1   0            0
1 1 2 2   0            0.099908
1 1 2 3   0            0.110832
1 1 2 4   0            0.056308
1 1 3 1   0.071028     0
1 1 3 2   0.061924     0
1 1 3 3   0            0
1 1 3 4   0            0
1 1 4 1   0            0
1 1 4 2   0            0
1 1 4 3   0            0
1 1 4 4   0            0
1 2 3 1   0            0
1 2 3 2   0            0
1 2 3 3   0            0
1 2 3 4   0            0
1 2 4 1   0            0
1 2 4 2   0            0
1 2 4 3   0            0
1 2 4 4   0            0
1 3 4 1   0.071028     0
1 3 4 2   0            0.061924
1 3 4 3   0            0
1 3 4 4   0            0
2 2 3 1   0            0
2 2 3 2   0            8.85183e-14
2 2 3 3   0            0.110832
2 2 3 4   0            0.056308
2 2 4 1   0            0
2 2 4 2   0.099908     0
2 2 4 3   0            0
2 2 4 4   0            0
2 3 4 1   0            0
2 3 4 2   0            0
2 3 4 3   0            0
2 3 4 4   0            0
3 3 4 1   0            0
3 3 4 2   1.0646e-13   1.09513e-13
3 3 4 3   0.110832     0
3 3 4 4   0            0.056308
;

Vap = 1.44641

:     x      V        :=
1 1   1   0.541604
1 2   1   0.57091
1 3   1   0.477312
1 4   1       .
2 2   1   0.300121
2 3   0   0
2 4   1       .
3 3   1   0.339168
3 4   1       .
4 4   1       .
;

:             Viy           Liz         :=
1 1 2 1   0.071028       0
1 1 2 2   0.106164       0.0556685
1 1 2 3   0.0545511      0.0562809
1 1 2 4   0              0.056308
1 1 3 1   0              0
1 1 3 2   0              0
1 1 3 3   0              0
1 1 3 4   0              0
1 1 4 1   0              0
1 1 4 2   0              0
1 1 4 3   0              0
1 1 4 4   0              0
1 2 3 1   0.071028       0
1 2 3 2   0.106164       0
1 2 3 3   0              0
1 2 3 4   0              0
1 2 4 1   0              0
1 2 4 2   0             -4.08371e-16
1 2 4 3   0              0.0545511
1 2 4 4   0              0
1 3 4 1   0.071028       0
1 3 4 2   0              0.106164
1 3 4 3   0              0
1 3 4 4   0              0
2 2 3 1   0              0
2 2 3 2   0              1.99053e-13
2 2 3 3   0              0.0562809
2 2 3 4   0              0.056308
2 2 4 1   0              0
2 2 4 2   0.0556685      0
2 2 4 3   0              0
2 2 4 4   0              0
2 3 4 1   0              0
2 3 4 2   0              0
2 3 4 3   0              0
2 3 4 4   0              0
3 3 4 1   0              0
3 3 4 2   1.19605e-13    3.97335e-14
3 3 4 3   0.0562809     -1.92582e-16
3 3 4 4   0              0.056308
;

Vap = 1.18089

:     x      V        :=
1 1   1   0.570827
1 2   1   0.679221
1 3   0   0
1 4   1       .
2 2   0   0
2 3   1   0.529963
2 4   1       .
3 3   1   0.529963
3 4   1       .
4 4   1       .
;

:            Viy          Liz        :=
1 1 2 1   0.071028    0
1 1 2 2   0.161832    0
1 1 2 3   0.0351364   0
1 1 2 4   0           0
1 1 3 1   0           0
1 1 3 2   0           0
1 1 3 3   0           0.0756956
1 1 3 4   0           0.056308
1 1 4 1   0           0
1 1 4 2   0           0
1 1 4 3   0           0
1 1 4 4   0           0
1 2 3 1   0           0
1 2 3 2   0           0.161832
1 2 3 3   0           0.0351364
1 2 3 4   0           0
1 2 4 1   0.071028    0
1 2 4 2   0           0
1 2 4 3   0           0
1 2 4 4   0           0
1 3 4 1   0           0
1 3 4 2   0           0
1 3 4 3   0           0
1 3 4 4   0           0
2 2 3 1   0           0
2 2 3 2   0           0
2 2 3 3   0           0
2 2 3 4   0           0
2 2 4 1   0           0
2 2 4 2   0           0
2 2 4 3   0           0
2 2 4 4   0           0
2 3 4 1   0           0
2 3 4 2   0.161832    0
2 3 4 3   0           0.0351364
2 3 4 4   0           0
3 3 4 1   0           0
3 3 4 2   0           0
3 3 4 3   0.0756956   9.27567e-14
3 3 4 4   0           0.056308
;

Vap = 1.51201

:     x      V        :=
1 1   1   0.548167
1 2   0   0
1 3   0   0
1 4   1       .
2 2   1   0.487384
2 3   1   0.595902
2 4   1       .
3 3   1   0.395578
3 4   1       .
4 4   1       .
;

:            Viy          Liz        :=
1 1 2 1   0           0
1 1 2 2   0           0.161832
1 1 2 3   0           0.110832
1 1 2 4   0           0.056308
1 1 3 1   0           0
1 1 3 2   0           0
1 1 3 3   0           0
1 1 3 4   0           0
1 1 4 1   0.071028    0
1 1 4 2   0           0
1 1 4 3   0           0
1 1 4 4   0           0
1 2 3 1   0           0
1 2 3 2   0           0
1 2 3 3   0           0
1 2 3 4   0           0
1 2 4 1   0           0
1 2 4 2   0           0
1 2 4 3   0           0
1 2 4 4   0           0
1 3 4 1   0           0
1 3 4 2   0           0
1 3 4 3   0           0
1 3 4 4   0           0
2 2 3 1   0           0
2 2 3 2   0.161832    0
2 2 3 3   0.0384914   0.0723406
2 2 3 4   0           0.056308
2 2 4 1   0           0
2 2 4 2   0           0
2 2 4 3   0           0
2 2 4 4   0           0
2 3 4 1   0           0
2 3 4 2   0.161832    0
2 3 4 3   0           0.0384914
2 3 4 4   0           0
3 3 4 1   0           0
3 3 4 2   0           0
3 3 4 3   0.0723406   7.54232e-13
3 3 4 4   0           0.056308
;

Vap = 1.43113

:     x      V        :=
1 1   1   0.353505
1 2   1   0.495408
1 3   0   0
1 4   1       .
2 2   1   0.330386
2 3   1   0.600146
2 4   1       .
3 3   1   0.474802
3 4   1       .
4 4   1       .
;

:             Viy           Liz        :=
1 1 2 1   0.071028      0
1 1 2 2   0.0648615     0.0969705
1 1 2 3   0.029133      0.081699
1 1 2 4   0             0.056308
1 1 3 1   0             0
1 1 3 2   0             0
1 1 3 3   0             0
1 1 3 4   0             0
1 1 4 1   0             0
1 1 4 2   0             0
1 1 4 3   0             0
1 1 4 4   0             0
1 2 3 1   0             0
1 2 3 2   0             0.0648615
1 2 3 3   0             0.029133
1 2 3 4   0             0
1 2 4 1   0.071028      0
1 2 4 2   0             0
1 2 4 3   0             0
1 2 4 4   0             0
1 3 4 1   0             0
1 3 4 2   0             0
1 3 4 3   0             0
1 3 4 4   0             0
2 2 3 1   0             0
2 2 3 2   0.0969705     2.82987e-10
2 2 3 3   0.0283737     0.0533254
2 2 3 4   0             0.056308
2 2 4 1   0             0
2 2 4 2   0             0
2 2 4 3   0             0
2 2 4 4   0             0
2 3 4 1   0             0
2 3 4 2   0.161832      5.59171e-11
2 3 4 3   0             0.0575066
2 3 4 4   0             0
3 3 4 1   0             0
3 3 4 2   2.53221e-10   1.33425e-10
3 3 4 3   0.0533254     1.61096e-10
3 3 4 4   0             0.056308
;

Vap = 1.15869

:     x      V        :=
1 1   1   0.570827
1 2   1   0.453931
1 3   1   0.573934
1 4   1       .
2 2   0   0
2 3   1   0.407363
2 4   1       .
3 3   1   0.407363
3 4   1       .
4 4   1       .
;

:            Viy          Liz        :=
1 1 2 1   0.071028    0
1 1 2 2   0.161832    0
1 1 2 3   0.0351364   0
1 1 2 4   0           0
1 1 3 1   0           0
1 1 3 2   0           0
1 1 3 3   0           0.0756956
1 1 3 4   0           0.056308
1 1 4 1   0           0
1 1 4 2   0           0
1 1 4 3   0           0
1 1 4 4   0           0
1 2 3 1   0.071028    0
1 2 3 2   0.0955427   0.0662893
1 2 3 3   0           0.0351364
1 2 3 4   0           0
1 2 4 1   0           0
1 2 4 2   0           0
1 2 4 3   0           0
1 2 4 4   0           0
1 3 4 1   0.071028    0
1 3 4 2   0           0.0955427
1 3 4 3   0           0
1 3 4 4   0           0
2 2 3 1   0           0
2 2 3 2   0           0
2 2 3 3   0           0
2 2 3 4   0           0
2 2 4 1   0           0
2 2 4 2   0           0
2 2 4 3   0           0
2 2 4 4   0           0
2 3 4 1   0           0
2 3 4 2   0.0662893   8.89173e-13
2 3 4 3   0           0.0351364
2 3 4 4   0           0
3 3 4 1   0           0
3 3 4 2   0           0
3 3 4 3   0.0756956   1.3891e-13
3 3 4 4   0           0.056308
;

Vap = 1.16412

:     x      V        :=
1 1   1   0.387044
1 2   0   0
1 3   1   0.66693
1 4   1       .
2 2   1   0.371425
2 3   1   0.533978
2 4   1       .
3 3   1   0.395578
3 4   1       .
4 4   1       .
;

:             Viy           Liz        :=
1 1 2 1   0             0
1 1 2 2   0             0.099908
1 1 2 3   0             0.110832
1 1 2 4   0             0.056308
1 1 3 1   0.071028      0
1 1 3 2   0.061924      0
1 1 3 3   0             0
1 1 3 4   0             0
1 1 4 1   0             0
1 1 4 2   0             0
1 1 4 3   0             0
1 1 4 4   0             0
1 2 3 1   0             0
1 2 3 2   0             0
1 2 3 3   0             0
1 2 3 4   0             0
1 2 4 1   0             0
1 2 4 2   0             0
1 2 4 3   0             0
1 2 4 4   0             0
1 3 4 1   0.071028      0
1 3 4 2   0             0.061924
1 3 4 3   0             0
1 3 4 4   0             0
2 2 3 1   0             0
2 2 3 2   0.099908      1.74695e-11
2 2 3 3   0.0384914     0.0723406
2 2 3 4   0             0.056308
2 2 4 1   0             0
2 2 4 2   0             0
2 2 4 3   0             0
2 2 4 4   0             0
2 3 4 1   0             0
2 3 4 2   0.099908      1.74695e-11
2 3 4 3   0             0.0384914
2 3 4 4   0             0
3 3 4 1   0             0
3 3 4 2   1.74695e-11   1.74695e-11
3 3 4 3   0.0723406     1.74695e-11
3 3 4 4   0             0.056308
;

Vap = 1.15405

:     x      V        :=
1 1   1   0.331936
1 2   1   0.487326
1 3   1   0.587187
1 4   1       .
2 2   1   0.321159
2 3   1   0.470783
2 4   1       .
3 3   1   0.353667
3 4   1       .
4 4   1       .
;

:            Viy           Liz        :=
1 1 2 1   0.071028     0
1 1 2 2   0.0768585    0.0849735
1 1 2 3   0.0182806    0.0925514
1 1 2 4   0            0.056308
1 1 3 1   0            0
1 1 3 2   0            0
1 1 3 3   0            0
1 1 3 4   0            0
1 1 4 1   0            0
1 1 4 2   0            0
1 1 4 3   0            0
1 1 4 4   0            0
1 2 3 1   0.071028     0
1 2 3 2   0.0453759    0.0314826
1 2 3 3   0            0.0182806
1 2 3 4   0            0
1 2 4 1   0            0
1 2 4 2   0            0
1 2 4 3   0            0
1 2 4 4   0            0
1 3 4 1   0.071028     0
1 3 4 2   0            0.0453759
1 3 4 3   0            0
1 3 4 4   0            0
2 2 3 1   0            0
2 2 3 2   0.0849735    3.09601e-12
2 2 3 3   0.0321426    0.0604088
2 2 3 4   0            0.056308
2 2 4 1   0            0
2 2 4 2   0            0
2 2 4 3   0            0
2 2 4 4   0            0
2 3 4 1   0            0
2 3 4 2   0.116456     8.29109e-13
2 3 4 3   0            0.0504232
2 3 4 4   0            0
3 3 4 1   0            0
3 3 4 2   2.8383e-12   6.73192e-13
3 3 4 3   0.0604088    4.33398e-13
3 3 4 4   0            0.056308
;

Vap = 1.00676

