:     x      V        :=
1 1   1   0.859435
1 2   1   0.577681
1 3   1   0.442686
1 4   1       .
2 2   0   0
2 3   0   0
2 4   1       .
3 3   0   0
3 4   1       .
4 4   1       .
;

:          Viy     Liz     :=
1 1 2 1   0.125   0
1 1 2 2   0.125   0
1 1 2 3   0.125   0
1 1 2 4   0       0
1 1 3 1   0       0
1 1 3 2   0       0
1 1 3 3   0       0
1 1 3 4   0       0
1 1 4 1   0       0
1 1 4 2   0       0
1 1 4 3   0       0
1 1 4 4   0       0.125
1 2 3 1   0.125   0
1 2 3 2   0.125   0
1 2 3 3   0       0
1 2 3 4   0       0
1 2 4 1   0       0
1 2 4 2   0       0
1 2 4 3   0       0.125
1 2 4 4   0       0
1 3 4 1   0.125   0
1 3 4 2   0       0.125
1 3 4 3   0       0
1 3 4 4   0       0
2 2 3 1   0       0
2 2 3 2   0       0
2 2 3 3   0       0
2 2 3 4   0       0
2 2 4 1   0       0
2 2 4 2   0       0
2 2 4 3   0       0
2 2 4 4   0       0
2 3 4 1   0       0
2 3 4 2   0       0
2 3 4 3   0       0
2 3 4 4   0       0
3 3 4 1   0       0
3 3 4 2   0       0
3 3 4 3   0       0
3 3 4 4   0       0
;

Vap = 1.2548

:     x      V        :=
1 1   1   0.859435
1 2   1   0.571095
1 3   0   0
1 4   1       .
2 2   0   0
2 3   1   0.309729
2 4   1       .
3 3   0   0
3 4   1       .
4 4   1       .
;

:          Viy     Liz     :=
1 1 2 1   0.125   0
1 1 2 2   0.125   0
1 1 2 3   0.125   0
1 1 2 4   0       0
1 1 3 1   0       0
1 1 3 2   0       0
1 1 3 3   0       0
1 1 3 4   0       0
1 1 4 1   0       0
1 1 4 2   0       0
1 1 4 3   0       0
1 1 4 4   0       0.125
1 2 3 1   0       0
1 2 3 2   0       0.125
1 2 3 3   0       0.125
1 2 3 4   0       0
1 2 4 1   0.125   0
1 2 4 2   0       0
1 2 4 3   0       0
1 2 4 4   0       0
1 3 4 1   0       0
1 3 4 2   0       0
1 3 4 3   0       0
1 3 4 4   0       0
2 2 3 1   0       0
2 2 3 2   0       0
2 2 3 3   0       0
2 2 3 4   0       0
2 2 4 1   0       0
2 2 4 2   0       0
2 2 4 3   0       0
2 2 4 4   0       0
2 3 4 1   0       0
2 3 4 2   0.125   0
2 3 4 3   0       0.125
2 3 4 4   0       0
3 3 4 1   0       0
3 3 4 2   0       0
3 3 4 3   0       0
3 3 4 4   0       0
;

Vap = 1.36526

:     x      V        :=
1 1   1   0.346891
1 2   0   0
1 3   0   0
1 4   1       .
2 2   1   0.74943
2 3   1   0.434729
2 4   1       .
3 3   0   0
3 4   1       .
4 4   1       .
;

:          Viy     Liz     :=
1 1 2 1   0       0
1 1 2 2   0       0.125
1 1 2 3   0       0.125
1 1 2 4   0       0.125
1 1 3 1   0       0
1 1 3 2   0       0
1 1 3 3   0       0
1 1 3 4   0       0
1 1 4 1   0.125   0
1 1 4 2   0       0
1 1 4 3   0       0
1 1 4 4   0       0
1 2 3 1   0       0
1 2 3 2   0       0
1 2 3 3   0       0
1 2 3 4   0       0
1 2 4 1   0       0
1 2 4 2   0       0
1 2 4 3   0       0
1 2 4 4   0       0
1 3 4 1   0       0
1 3 4 2   0       0
1 3 4 3   0       0
1 3 4 4   0       0
2 2 3 1   0       0
2 2 3 2   0.125   0
2 2 3 3   0.125   0
2 2 3 4   0       0
2 2 4 1   0       0
2 2 4 2   0       0
2 2 4 3   0       0
2 2 4 4   0       0.125
2 3 4 1   0       0
2 3 4 2   0.125   0
2 3 4 3   0       0.125
2 3 4 4   0       0
3 3 4 1   0       0
3 3 4 2   0       0
3 3 4 3   0       0
3 3 4 4   0       0
;

Vap = 1.28105

:     x      V        :=
1 1   1   0.301049
1 2   1   0.80297
1 3   0   0
1 4   1       .
2 2   1   0.631111
2 3   1   0.403412
2 4   1       .
3 3   0   0
3 4   1       .
4 4   1       .
;

:            Viy          Liz        :=
1 1 2 1   0.125       0
1 1 2 2   0.0155456   0.109454
1 1 2 3   0.0313137   0.0936863
1 1 2 4   0           0.125
1 1 3 1   0           0
1 1 3 2   0           0
1 1 3 3   0           0
1 1 3 4   0           0
1 1 4 1   0           0
1 1 4 2   0           0
1 1 4 3   0           0
1 1 4 4   0           0
1 2 3 1   0           0
1 2 3 2   0           0.0155456
1 2 3 3   0           0.0313137
1 2 3 4   0           0
1 2 4 1   0.125       0
1 2 4 2   0           0
1 2 4 3   0           0
1 2 4 4   0           0
1 3 4 1   0           0
1 3 4 2   0           0
1 3 4 3   0           0
1 3 4 4   0           0
2 2 3 1   0           0
2 2 3 2   0.109454    0
2 2 3 3   0.0936859   0
2 2 3 4   0           0
2 2 4 1   0           0
2 2 4 2   0           9.46495e-07
2 2 4 3   0           9.5241e-07
2 2 4 4   0           0.125
2 3 4 1   0           0
2 3 4 2   0.124999    9.46926e-07
2 3 4 3   0           0.125
2 3 4 4   0           0
3 3 4 1   0           0
3 3 4 2   0           0
3 3 4 3   0           0
3 3 4 4   0           0
;

Vap = 1.13243

:     x      V        :=
1 1   1   0.859435
1 2   1   0.460098
1 3   1   0.377516
1 4   1       .
2 2   0   0
2 3   1   0.164319
2 4   1       .
3 3   0   0
3 4   1       .
4 4   1       .
;

:            Viy          Liz        :=
1 1 2 1   0.125       0
1 1 2 2   0.125       0
1 1 2 3   0.125       0
1 1 2 4   0           0
1 1 3 1   0           0
1 1 3 2   0           0
1 1 3 3   0           0
1 1 3 4   0           0
1 1 4 1   0           0
1 1 4 2   0           0
1 1 4 3   0           0
1 1 4 4   0           0.125
1 2 3 1   0.125       0
1 2 3 2   0.0881964   0.0368036
1 2 3 3   0           0.125
1 2 3 4   0           0
1 2 4 1   0           0
1 2 4 2   0           0
1 2 4 3   0           0
1 2 4 4   0           0
1 3 4 1   0.125       0
1 3 4 2   0           0.0881964
1 3 4 3   0           0
1 3 4 4   0           0
2 2 3 1   0           0
2 2 3 2   0           0
2 2 3 3   0           0
2 2 3 4   0           0
2 2 4 1   0           0
2 2 4 2   0           0
2 2 4 3   0           0
2 2 4 4   0           0
2 3 4 1   0           0
2 3 4 2   0.0368036   1.95715e-14
2 3 4 3   0           0.125
2 3 4 4   0           0
3 3 4 1   0           0
3 3 4 2   0           0
3 3 4 3   0           0
3 3 4 4   0           0
;

Vap = 1.10885

:     x      V        :=
1 1   1   0.261928
1 2   0   0
1 3   1   0.530248
1 4   1       .
2 2   1   0.70755
2 3   1   0.365351
2 4   1       .
3 3   0   0
3 4   1       .
4 4   1       .
;

:            Viy          Liz        :=
1 1 2 1   0           0
1 1 2 2   0           0.0851029
1 1 2 3   0           0.125
1 1 2 4   0           0.125
1 1 3 1   0.125       0
1 1 3 2   0.0398971   0
1 1 3 3   0           0
1 1 3 4   0           0
1 1 4 1   0           0
1 1 4 2   0           0
1 1 4 3   0           0
1 1 4 4   0           0
1 2 3 1   0           0
1 2 3 2   0           0
1 2 3 3   0           0
1 2 3 4   0           0
1 2 4 1   0           0
1 2 4 2   0           0
1 2 4 3   0           0
1 2 4 4   0           0
1 3 4 1   0.125       0
1 3 4 2   0           0.0398971
1 3 4 3   0           0
1 3 4 4   0           0
2 2 3 1   0           0
2 2 3 2   0.0851029   0
2 2 3 3   0.125       0
2 2 3 4   0           0
2 2 4 1   0           0
2 2 4 2   0           3.72946e-13
2 2 4 3   0           0
2 2 4 4   0           0.125
2 3 4 1   0           0
2 3 4 2   0.0851029   3.78344e-13
2 3 4 3   0           0.125
2 3 4 4   0           0
3 3 4 1   0           0
3 3 4 2   0           0
3 3 4 3   0           0
3 3 4 4   0           0
;

Vap = 1.12473

:     x      V        :=
1 1   1   0.411468
1 2   1   0.836772
1 3   1   0.442686
1 4   1       .
2 2   1   0.567658
2 3   1   0.192686
2 4   1       .
3 3   0   0
3 4   1       .
4 4   1       .
;

:             Viy           Liz        :=
1 1 2 1   0.125         0
1 1 2 2   0.125         4.934e-08
1 1 2 3   0.019114      0.105886
1 1 2 4   0             0.125
1 1 3 1   0             0
1 1 3 2   0             0
1 1 3 3   0             0
1 1 3 4   0             0
1 1 4 1   0             0
1 1 4 2   0             0
1 1 4 3   0             0
1 1 4 4   0             0
1 2 3 1   0.125         0
1 2 3 2   0.125         1.32564e-08
1 2 3 3   0             0.019114
1 2 3 4   0             0
1 2 4 1   0             0
1 2 4 2   0             0
1 2 4 3   0             0
1 2 4 4   0             0
1 3 4 1   0.125         0
1 3 4 2   0             0.125
1 3 4 3   0             0
1 3 4 4   0             0
2 2 3 1   0             0
2 2 3 2   4.97874e-08   0
2 2 3 3   0.105886      0
2 2 3 4   0             0
2 2 4 1   0             0
2 2 4 2   0             1.35744e-09
2 2 4 3   0             1.4255e-09
2 2 4 4   0             0.125
2 3 4 1   0             0
2 3 4 2   6.11393e-08   2.13774e-09
2 3 4 3   0             0.125
2 3 4 4   0             0
3 3 4 1   0             0
3 3 4 2   0             0
3 3 4 3   0             0
3 3 4 4   0             0
;

Vap = 1.06593

:     x      V        :=
1 1   1   0.346891
1 2   0   0
1 3   0   0
1 4   1       .
2 2   1   0.346826
2 3   0   0
2 4   1       .
3 3   1   0.625
3 4   1       .
4 4   1       .
;

:          Viy     Liz     :=
1 1 2 1   0       0
1 1 2 2   0       0.125
1 1 2 3   0       0.125
1 1 2 4   0       0.125
1 1 3 1   0       0
1 1 3 2   0       0
1 1 3 3   0       0
1 1 3 4   0       0
1 1 4 1   0.125   0
1 1 4 2   0       0
1 1 4 3   0       0
1 1 4 4   0       0
1 2 3 1   0       0
1 2 3 2   0       0
1 2 3 3   0       0
1 2 3 4   0       0
1 2 4 1   0       0
1 2 4 2   0       0
1 2 4 3   0       0
1 2 4 4   0       0
1 3 4 1   0       0
1 3 4 2   0       0
1 3 4 3   0       0
1 3 4 4   0       0
2 2 3 1   0       0
2 2 3 2   0       0
2 2 3 3   0       0.125
2 2 3 4   0       0.125
2 2 4 1   0       0
2 2 4 2   0.125   0
2 2 4 3   0       0
2 2 4 4   0       0
2 3 4 1   0       0
2 3 4 2   0       0
2 3 4 3   0       0
2 3 4 4   0       0
3 3 4 1   0       0
3 3 4 2   0       0
3 3 4 3   0.125   0
3 3 4 4   0       0.125
;

Vap = 1.31872

:     x      V        :=
1 1   1   0.464138
1 2   0   0
1 3   1   0.442686
1 4   1       .
2 2   0   0
2 3   0   0
2 4   1       .
3 3   1   0.625
3 4   1       .
4 4   1       .
;

:          Viy     Liz     :=
1 1 2 1   0       0
1 1 2 2   0       0
1 1 2 3   0       0
1 1 2 4   0       0
1 1 3 1   0.125   0
1 1 3 2   0.125   0
1 1 3 3   0       0.125
1 1 3 4   0       0.125
1 1 4 1   0       0
1 1 4 2   0       0
1 1 4 3   0       0
1 1 4 4   0       0
1 2 3 1   0       0
1 2 3 2   0       0
1 2 3 3   0       0
1 2 3 4   0       0
1 2 4 1   0       0
1 2 4 2   0       0
1 2 4 3   0       0
1 2 4 4   0       0
1 3 4 1   0.125   0
1 3 4 2   0       0.125
1 3 4 3   0       0
1 3 4 4   0       0
2 2 3 1   0       0
2 2 3 2   0       0
2 2 3 3   0       0
2 2 3 4   0       0
2 2 4 1   0       0
2 2 4 2   0       0
2 2 4 3   0       0
2 2 4 4   0       0
2 3 4 1   0       0
2 3 4 2   0       0
2 3 4 3   0       0
2 3 4 4   0       0
3 3 4 1   0       0
3 3 4 2   0       0
3 3 4 3   0.125   0
3 3 4 4   0       0.125
;

Vap = 1.28182

:     x      V        :=
1 1   1   0.411468
1 2   1   0.836772
1 3   1   0.442686
1 4   1       .
2 2   0   0
2 3   0   0
2 4   1       .
3 3   1   0.567658
3 4   1       .
4 4   1       .
;

:           Viy          Liz        :=
1 1 2 1   0.125      0
1 1 2 2   0.125      0
1 1 2 3   0.019114   0
1 1 2 4   0          0
1 1 3 1   0          0
1 1 3 2   0          0
1 1 3 3   0          0.105886
1 1 3 4   0          0.125
1 1 4 1   0          0
1 1 4 2   0          0
1 1 4 3   0          0
1 1 4 4   0          0
1 2 3 1   0.125      0
1 2 3 2   0.125      0
1 2 3 3   0          0
1 2 3 4   0          0
1 2 4 1   0          0
1 2 4 2   0          0
1 2 4 3   0          0.019114
1 2 4 4   0          0
1 3 4 1   0.125      0
1 3 4 2   0          0.125
1 3 4 3   0          0
1 3 4 4   0          0
2 2 3 1   0          0
2 2 3 2   0          0
2 2 3 3   0          0
2 2 3 4   0          0
2 2 4 1   0          0
2 2 4 2   0          0
2 2 4 3   0          0
2 2 4 4   0          0
2 3 4 1   0          0
2 3 4 2   0          0
2 3 4 3   0          0
2 3 4 4   0          0
3 3 4 1   0          0
3 3 4 2   0          0
3 3 4 3   0.105886   1.68605e-11
3 3 4 4   0          0.125
;

Vap = 1.17181

:     x      V        :=
1 1   1   0.261928
1 2   0   0
1 3   1   0.445742
1 4   1       .
2 2   1   0.280845
2 3   0   0
2 4   1       .
3 3   1   0.625
3 4   1       .
4 4   1       .
;

:             Viy           Liz        :=
1 1 2 1   0             0
1 1 2 2   0             0.0851029
1 1 2 3   0             0.125
1 1 2 4   0             0.125
1 1 3 1   0.125         0
1 1 3 2   0.0398971     0
1 1 3 3   0             0
1 1 3 4   0             0
1 1 4 1   0             0
1 1 4 2   0             0
1 1 4 3   0             0
1 1 4 4   0             0
1 2 3 1   0             0
1 2 3 2   0             0
1 2 3 3   0             0
1 2 3 4   0             0
1 2 4 1   0             0
1 2 4 2   0             0
1 2 4 3   0             0
1 2 4 4   0             0
1 3 4 1   0.125         0
1 3 4 2   0             0.0398971
1 3 4 3   0             0
1 3 4 4   0             0
2 2 3 1   0             0
2 2 3 2   0             3.08063e-11
2 2 3 3   0             0.125
2 2 3 4   0             0.125
2 2 4 1   0             0
2 2 4 2   0.0851029     0
2 2 4 3   0             0
2 2 4 4   0             0
2 3 4 1   0             0
2 3 4 2   0             0
2 3 4 3   0             0
2 3 4 4   0             0
3 3 4 1   0             0
3 3 4 2   4.62095e-11   4.62095e-11
3 3 4 3   0.125         0
3 3 4 4   0             0.125
;

Vap = 1.16777

:     x      V        :=
1 1   1   0.358409
1 2   1   0.817267
1 3   1   0.396237
1 4   1       .
2 2   1   0.172468
2 3   0   0
2 4   1       .
3 3   1   0.577747
3 4   1       .
4 4   1       .
;

:             Viy           Liz        :=
1 1 2 1   0.125         0
1 1 2 2   0.0987691     0.0262309
1 1 2 3   0.0157509     0.109249
1 1 2 4   0             0.125
1 1 3 1   0             0
1 1 3 2   0             0
1 1 3 3   0             0
1 1 3 4   0             0
1 1 4 1   0             0
1 1 4 2   0             0
1 1 4 3   0             0
1 1 4 4   0             0
1 2 3 1   0.125         0
1 2 3 2   0.0987691     0
1 2 3 3   0             0
1 2 3 4   0             0
1 2 4 1   0             0
1 2 4 2   0             9.00762e-13
1 2 4 3   0             0.0157509
1 2 4 4   0             0
1 3 4 1   0.125         0
1 3 4 2   0             0.0987691
1 3 4 3   0             0
1 3 4 4   0             0
2 2 3 1   0             0
2 2 3 2   0             3.67618e-12
2 2 3 3   0             0.109249
2 2 3 4   0             0.125
2 2 4 1   0             0
2 2 4 2   0.0262309     0
2 2 4 3   0             0
2 2 4 4   0             0
2 3 4 1   0             0
2 3 4 2   0             0
2 3 4 3   0             0
2 3 4 4   0             0
3 3 4 1   0             0
3 3 4 2   2.54635e-12   1.41824e-12
3 3 4 3   0.109249      1.1449e-12
3 3 4 4   0             0.125
;

Vap = 1.10862

:     x      V        :=
1 1   1   0.411468
1 2   1   0.460954
1 3   0   0
1 4   1       .
2 2   0   0
2 3   1   0.567658
2 4   1       .
3 3   1   0.567658
3 4   1       .
4 4   1       .
;

:           Viy          Liz        :=
1 1 2 1   0.125      0
1 1 2 2   0.125      0
1 1 2 3   0.019114   0
1 1 2 4   0          0
1 1 3 1   0          0
1 1 3 2   0          0
1 1 3 3   0          0.105886
1 1 3 4   0          0.125
1 1 4 1   0          0
1 1 4 2   0          0
1 1 4 3   0          0
1 1 4 4   0          0
1 2 3 1   0          0
1 2 3 2   0          0.125
1 2 3 3   0          0.019114
1 2 3 4   0          0
1 2 4 1   0.125      0
1 2 4 2   0          0
1 2 4 3   0          0
1 2 4 4   0          0
1 3 4 1   0          0
1 3 4 2   0          0
1 3 4 3   0          0
1 3 4 4   0          0
2 2 3 1   0          0
2 2 3 2   0          0
2 2 3 3   0          0
2 2 3 4   0          0
2 2 4 1   0          0
2 2 4 2   0          0
2 2 4 3   0          0
2 2 4 4   0          0
2 3 4 1   0          0
2 3 4 2   0.125      0
2 3 4 3   0          0.019114
2 3 4 4   0          0
3 3 4 1   0          0
3 3 4 2   0          0
3 3 4 3   0.105886   3.99294e-11
3 3 4 4   0          0.125
;

Vap = 1.17097

:     x      V        :=
1 1   1   0.346891
1 2   0   0
1 3   0   0
1 4   1       .
2 2   1   0.297925
2 3   1   0.700593
2 4   1       .
3 3   1   0.550889
3 4   1       .
4 4   1       .
;

:            Viy          Liz        :=
1 1 2 1   0           0
1 1 2 2   0           0.125
1 1 2 3   0           0.125
1 1 2 4   0           0.125
1 1 3 1   0           0
1 1 3 2   0           0
1 1 3 3   0           0
1 1 3 4   0           0
1 1 4 1   0.125       0
1 1 4 2   0           0
1 1 4 3   0           0
1 1 4 4   0           0
1 2 3 1   0           0
1 2 3 2   0           0
1 2 3 3   0           0
1 2 3 4   0           0
1 2 4 1   0           0
1 2 4 2   0           0
1 2 4 3   0           0
1 2 4 4   0           0
1 3 4 1   0           0
1 3 4 2   0           0
1 3 4 3   0           0
1 3 4 4   0           0
2 2 3 1   0           0
2 2 3 2   0.125       0
2 2 3 3   0.0247036   0.100296
2 2 3 4   0           0.125
2 2 4 1   0           0
2 2 4 2   0           0
2 2 4 3   0           0
2 2 4 4   0           0
2 3 4 1   0           0
2 3 4 2   0.125       0
2 3 4 3   0           0.0247036
2 3 4 4   0           0
3 3 4 1   0           0
3 3 4 2   0           0
3 3 4 3   0.100296    1.03823e-12
3 3 4 4   0           0.125
;

Vap = 1.19571

:     x      V        :=
1 1   1   0.269592
1 2   1   0.417172
1 3   0   0
1 4   1       .
2 2   1   0.241468
2 3   1   0.621314
2 4   1       .
3 3   1   0.508026
3 4   1       .
4 4   1       .
;

:            Viy           Liz        :=
1 1 2 1   0.125        0
1 1 2 2   0.032897     0.092103
1 1 2 3   0.0178067    0.107193
1 1 2 4   0            0.125
1 1 3 1   0            0
1 1 3 2   0            0
1 1 3 3   0            0
1 1 3 4   0            0
1 1 4 1   0            0
1 1 4 2   0            0
1 1 4 3   0            0
1 1 4 4   0            0
1 2 3 1   0            0
1 2 3 2   0            0.032897
1 2 3 3   0            0.0178067
1 2 3 4   0            0
1 2 4 1   0.125        0
1 2 4 2   0            0
1 2 4 3   0            0
1 2 4 4   0            0
1 3 4 1   0            0
1 3 4 2   0            0
1 3 4 3   0            0
1 3 4 4   0            0
2 2 3 1   0            0
2 2 3 2   0.092103     1.30505e-08
2 2 3 3   0.0211844    0.0860088
2 2 3 4   0            0.125
2 2 4 1   0            0
2 2 4 2   0            0
2 2 4 3   0            0
2 2 4 4   0            0
2 3 4 1   0            0
2 3 4 2   0.125        9.27979e-09
2 3 4 3   0            0.0389912
2 3 4 4   0            0
3 3 4 1   0            0
3 3 4 2   1.1134e-08   7.59923e-09
3 3 4 3   0.0860088    9.28003e-09
3 3 4 4   0            0.125
;

Vap = 1.01909

:     x      V        :=
1 1   1   0.411468
1 2   1   0.330184
1 3   1   0.780854
1 4   1       .
2 2   0   0
2 3   1   0.567658
2 4   1       .
3 3   1   0.567658
3 4   1       .
4 4   1       .
;

:            Viy          Liz        :=
1 1 2 1   0.125       0
1 1 2 2   0.125       0
1 1 2 3   0.019114    0
1 1 2 4   0           0
1 1 3 1   0           0
1 1 3 2   0           0
1 1 3 3   0           0.105886
1 1 3 4   0           0.125
1 1 4 1   0           0
1 1 4 2   0           0
1 1 4 3   0           0
1 1 4 4   0           0
1 2 3 1   0.125       0
1 2 3 2   0.0881964   0.0368036
1 2 3 3   0           0.019114
1 2 3 4   0           0
1 2 4 1   0           0
1 2 4 2   0           0
1 2 4 3   0           0
1 2 4 4   0           0
1 3 4 1   0.125       0
1 3 4 2   0           0.0881964
1 3 4 3   0           0
1 3 4 4   0           0
2 2 3 1   0           0
2 2 3 2   0           0
2 2 3 3   0           0
2 2 3 4   0           0
2 2 4 1   0           0
2 2 4 2   0           0
2 2 4 3   0           0
2 2 4 4   0           0
2 3 4 1   0           0
2 3 4 2   0.0368036   1.13681e-09
2 3 4 3   0           0.019114
2 3 4 4   0           0
3 3 4 1   0           0
3 3 4 2   0           0
3 3 4 3   0.105886    1.93774e-10
3 3 4 4   0           0.125
;

Vap = 1.0402

:     x      V        :=
1 1   1   0.261928
1 2   0   0
1 3   1   0.825593
1 4   1       .
2 2   1   0.242258
2 3   1   0.660696
2 4   1       .
3 3   1   0.550889
3 4   1       .
4 4   1       .
;

:             Viy           Liz        :=
1 1 2 1   0             0
1 1 2 2   0             0.0851029
1 1 2 3   0             0.125
1 1 2 4   0             0.125
1 1 3 1   0.125         0
1 1 3 2   0.0398971     0
1 1 3 3   0             0
1 1 3 4   0             0
1 1 4 1   0             0
1 1 4 2   0             0
1 1 4 3   0             0
1 1 4 4   0             0
1 2 3 1   0             0
1 2 3 2   0             0
1 2 3 3   0             0
1 2 3 4   0             0
1 2 4 1   0             0
1 2 4 2   0             0
1 2 4 3   0             0
1 2 4 4   0             0
1 3 4 1   0.125         0
1 3 4 2   0             0.0398971
1 3 4 3   0             0
1 3 4 4   0             0
2 2 3 1   0             0
2 2 3 2   0.0851029     5.59359e-12
2 2 3 3   0.0247036     0.100296
2 2 3 4   0             0.125
2 2 4 1   0             0
2 2 4 2   0             0
2 2 4 3   0             0
2 2 4 4   0             0
2 3 4 1   0             0
2 3 4 2   0.0851029     5.59359e-12
2 3 4 3   0             0.0247036
2 3 4 4   0             0
3 3 4 1   0             0
3 3 4 2   5.59359e-12   5.59359e-12
3 3 4 3   0.100296      5.59359e-12
3 3 4 4   0             0.125
;

Vap = 1.05508

:     x      V        :=
1 1   1   0.248594
1 2   1   0.408923
1 3   1   0.7896
1 4   1       .
2 2   1   0.230653
2 3   1   0.633216
2 4   1       .
3 3   1   0.52973
3 4   1       .
4 4   1       .
;

:             Viy           Liz        :=
1 1 2 1   0.125         0
1 1 2 2   0.0444796     0.0805204
1 1 2 3   0.00879045    0.11621
1 1 2 4   0             0.125
1 1 3 1   0             0
1 1 3 2   0             0
1 1 3 3   0             0
1 1 3 4   0             0
1 1 4 1   0             0
1 1 4 2   0             0
1 1 4 3   0             0
1 1 4 4   0             0
1 2 3 1   0.125         0
1 2 3 2   0.0313835     0.0130961
1 2 3 3   0             0.00879045
1 2 3 4   0             0
1 2 4 1   0             0
1 2 4 2   0             0
1 2 4 3   0             0
1 2 4 4   0             0
1 3 4 1   0.125         0
1 3 4 2   0             0.0313835
1 3 4 3   0             0
1 3 4 4   0             0
2 2 3 1   0             0
2 2 3 2   0.0805204     1.50972e-09
2 2 3 3   0.0229663     0.0932432
2 2 3 4   0             0.125
2 2 4 1   0             0
2 2 4 2   0             0
2 2 4 3   0             0
2 2 4 4   0             0
2 3 4 1   0             0
2 3 4 2   0.0936165     1.14112e-09
2 3 4 3   0             0.0317568
2 3 4 4   0             0
3 3 4 1   0             0
3 3 4 2   1.26061e-09   9.68263e-10
3 3 4 3   0.0932432     1.14179e-09
3 3 4 4   0             0.125
;

Vap = 1.00898

