
2761   'PrS[2,8,3]'            21666.6
2762   'PrS[2,9,1]'           116662
2763   'PrS[2,9,2]'            45546.4
2764   'PrS[2,9,3]'            20091
2765   'PrS[2,10,1]'          110991
2766   'PrS[2,10,2]'           43075.3
2767   'PrS[2,10,3]'           18890.2
2768   'PrS[2,11,1]'          110406
2769   'PrS[2,11,2]'           42821
2770   'PrS[2,11,3]'           18767.1
2771   'PrS[2,12,1]'          109573
2772   'PrS[2,12,2]'           42459.7
2773   'PrS[2,12,3]'           18592.2
2774   'PrS[2,13,1]'          108414
2775   'PrS[2,13,2]'           41957.2
2776   'PrS[2,13,3]'           18349.1
2777   'PrS[2,14,1]'          106845
2778   'PrS[2,14,2]'           41278.2
2779   'PrS[2,14,3]'           18021.3
2780   'PrS[2,15,1]'          104804
2781   'PrS[2,15,2]'           40396.5
2782   'PrS[2,15,3]'           17596.4
2783   'PrS[2,16,1]'          102280
2784   'PrS[2,16,2]'           39309.4
2785   'PrS[2,16,3]'           17073.7
2786   'PrS[2,17,1]'           99353
2787   'PrS[2,17,2]'           38052.3
2788   'PrS[2,17,3]'           16471.1
2789   'PrS[2,18,1]'           96200.2
2790   'PrS[2,18,2]'           36703.4
2791   'PrS[2,18,3]'           15826.8
2792   'PrS[2,19,1]'           93069.7
2793   'PrS[2,19,2]'           35369.3
2794   'PrS[2,19,3]'           15191.9
2795   'PrS[2,20,1]'           90206.6
2796   'PrS[2,20,2]'           34153.8
2797   'PrS[2,20,3]'           14615.5
2798   'PrS[2,21,1]'           87781.6
2799   'PrS[2,21,2]'           33127.9
2800   'PrS[2,21,3]'           14130.7
2801   'PrS[2,22,1]'           85860
2802   'PrS[2,22,2]'           32317.4
2803   'PrS[2,22,3]'           13748.8
2804   'PrS[2,23,1]'           84417.4
2805   'PrS[2,23,2]'           31710.4
2806   'PrS[2,23,3]'           13463.3
2807   'PrS[2,24,1]'           83378.3
2808   'PrS[2,24,2]'           31273.9
2809   'PrS[2,24,3]'           13258.4
2810   'PrS[2,25,1]'           82652
2811   'PrS[2,25,2]'           30969.2
2812   'PrS[2,25,3]'           13115.6
2813   'PrS[2,26,1]'           82155.2
2814   'PrS[2,26,2]'           30761
2815   'PrS[2,26,3]'           13018.1
2816   'PrS[2,27,1]'           81819.9
2817   'PrS[2,27,2]'           30620.5
2818   'PrS[2,27,3]'           12952.3
2819   'PrS[2,28,1]'           81594.2
2820   'PrS[2,28,2]'           30526
2821   'PrS[2,28,3]'           12908.1
2822   'PrS[2,29,1]'           81436.4
2823   'PrS[2,29,2]'           30460
2824   'PrS[2,29,3]'           12877.2
2825   'PrS[2,30,1]'           81298.4
2826   'PrS[2,30,2]'           30402.2
2827   'PrS[2,30,3]'           12850.2
2828   'PrSF[1]'               62118.8
2829   'PrSF[2]'               22498.9
2830   'PrSF[3]'                9207.62
2831   Vap                       181.409
2832   Sep                        99