:     x      V        :=
1 1   1   0.248594
1 2   1   0.230653
1 3   1   0.52973
1 4   1       .
2 2   1   0.230653
2 3   1   0.52973
2 4   1       .
3 3   1   0.52973
3 4   1       .
4 4   1       .
;

:             Viy            Liz         :=
1 1 2 1    0.125         -3.08705e-15
1 1 2 2    0.0444796      0.0805204
1 1 2 3    0.00879044     0.11621
1 1 2 4    2.85298e-17    0.125
1 1 3 1    0              0
1 1 3 2    0              0
1 1 3 3    0              0
1 1 3 4    0              0
1 1 4 1    0              0
1 1 4 2    0              0
1 1 4 3    0              0
1 1 4 4    0              0
1 2 3 1    0.125          9.21612e-15
1 2 3 2    0.0313835      0.0130961
1 2 3 3   -1.56119e-17    0.00879044
1 2 3 4    6.6369e-18     4.57959e-17
1 2 4 1    0              0
1 2 4 2    0              0
1 2 4 3    0              0
1 2 4 4    0              0
1 3 4 1    0.125          5.37213e-17
1 3 4 2    3.24746e-17    0.0313835
1 3 4 3   -4.4007e-18     4.05601e-17
1 3 4 4   -9.60915e-19    3.729e-17
2 2 3 1   -4.07566e-15    3.81258e-16
2 2 3 2    0.0805204      1.61824e-16
2 2 3 3    0.0229663      0.0932432
2 2 3 4   -1.46538e-16    0.125
2 2 4 1    0              0
2 2 4 2    0              0
2 2 4 3    0              0
2 2 4 4    0              0
2 3 4 1    4.24268e-15    4.82879e-16
2 3 4 2    0.0936165      5.48875e-17
2 3 4 3    3.38589e-17    0.0317568
2 3 4 4   -1.86643e-17    3.99162e-17
3 3 4 1    3.85026e-16    4.21799e-17
3 3 4 2    1.47023e-16    3.976e-17
3 3 4 3    0.0932432      7.23514e-17
3 3 4 4   -1.22532e-14    0.125
;

Vap = 1.00898

