:     x      V        :=
1 1   1   0.359936
1 2   1   0.300098
1 3   1   0.402145
1 4   1       .
2 2   1   0.300098
2 3   1   0.402145
2 4   1       .
3 3   1   0.402145
3 4   1       .
4 4   1       .
;

:             Viy            Liz         :=
1 1 2 1    0.071028       4.20491e-13
1 1 2 2    0.0868182      0.0750138
1 1 2 3    0.0202563      0.0905757
1 1 2 4   -3.28361e-12    0.056308
1 1 3 1    2.23072e-11    1.13676e-11
1 1 3 2    2.14675e-11    1.93545e-11
1 1 3 3    2.22725e-11    2.9918e-11
1 1 3 4    1.03935e-11    1.89155e-11
1 1 4 1    0              0
1 1 4 2    0              0
1 1 4 3    0              0
1 1 4 4    0              0
1 2 3 1    0.071028       1.20085e-11
1 2 3 2    0.0553503      0.0314679
1 2 3 3   -8.81845e-12    0.0202563
1 2 3 4   -1.33656e-12   -3.95365e-12
1 2 4 1    0              0
1 2 4 2    0              0
1 2 4 3    0              0
1 2 4 4    0              0
1 3 4 1    0.071028       1.54006e-12
1 3 4 2    9.25583e-13    0.0553503
1 3 4 3    1.18452e-12    7.82754e-12
1 3 4 4    4.98799e-13    5.09087e-12
2 2 3 1    5.40108e-12   -5.49736e-13
2 2 3 2    0.0750138     -4.01251e-13
2 2 3 3    0.0314565      0.0591192
2 2 3 4   -3.03572e-12    0.056308
2 2 4 1    0              0
2 2 4 2    0              0
2 2 4 3    0              0
2 2 4 4    0              0
2 3 4 1    5.86311e-12    1.19488e-12
2 3 4 2    0.106482       1.70702e-12
2 3 4 3    2.90573e-12    0.0517128
2 3 4 4    4.64279e-13    3.63024e-12
3 3 4 1    6.99373e-12    1.29598e-12
3 3 4 2    1.21454e-11    2.10484e-12
3 3 4 3    0.0591192      1.50354e-12
3 3 4 4    2.7918e-12     0.056308
;

Vap = 1.06218

