solve_message = '\
bonmin: Optimal'

:     X      V       :=
1 1   1   75.3547
1 2   1   84.5322
1 3   1      .
2 2   1   84.5322
2 3   1      .
3 3   1      .
;

:              D              B          :=
1 1 2 1   50              4.18562e-09
1 1 2 2    5.21739       14.7826
1 1 2 3    8.18887e-09   30
1 1 3 1    5.09237e-07    0
1 1 3 2    0              1.14964e-08
1 1 3 3    0              1.14964e-08
1 2 3 1   50              1.22161e-10
1 2 3 2    9.69276e-10    5.21739
1 2 3 3    1.28145e-11    8.189e-09
2 2 3 1    4.20047e-09    1.73556e-12
2 2 3 2   14.7826         2.34866e-11
2 2 3 3    2.34866e-11   30
;

Vap = 159.887

