solve_message = 'Knitro 10.3.0: Locally optimal or satisfactory solution.\
objective 168.36718946023217; integrality gap 1.62e-07\
1 nodes; 2 subproblem solves'

:     X      V       :=
1 1   1   80.5721
1 2   1   87.7951
1 3   1      .
2 2   1   87.7951
2 3   1      .
3 3   1      .
;

:              D              B          :=
1 1 2 1   50              1.83147e-19
1 1 2 2   10.4348        29.5652
1 1 2 3    1.82437e-19   10
1 1 3 1    0              0
1 1 3 2    0              0
1 1 3 3    0              0
1 2 3 1   50              9.26317e-20
1 2 3 2    9.83285e-20   10.4348
1 2 3 3    6.68181e-22    2.72741e-19
2 2 3 1    2.73922e-19    5.84041e-22
2 2 3 2   29.5652         9.26359e-20
2 2 3 3    9.25307e-20   10
;

Vap = 168.367

