solve_message = 'Knitro 10.3.0: Locally optimal or satisfactory solution.\
objective 107.59728358829815; integrality gap -3.44e-08\
1 nodes; 2 subproblem solves'

:     X      V       :=
1 1   1   32.746
1 2   1   74.8513
1 3   1      .
2 2   1   74.8513
2 3   1      .
3 3   1      .
;

:              D              B          :=
1 1 2 1   10              5.18008e-20
1 1 2 2    2.60869        7.39131
1 1 2 3    5.18608e-20   80
1 1 3 1    0              0
1 1 3 2    0              0
1 1 3 3    0              0
1 2 3 1   10              3.45278e-20
1 2 3 2    3.44076e-20    2.60869
1 2 3 3    5.32394e-21    7.02541e-20
2 2 3 1    7.01642e-20    5.3354e-21
2 2 3 2    7.39131        3.4342e-20
2 2 3 3    3.45182e-20   80
;

Vap = 107.597

