solve_message = '\
bonmin: Optimal'

:     X      V       :=
1 1   1   65.3547
1 2   1   68.2784
1 3   1      .
2 2   1   68.2784
2 3   1      .
3 3   1      .
;

:              D              B          :=
1 1 2 1   40              4.44666e-09
1 1 2 2    5.21739       14.7826
1 1 2 3    7.35939e-09   40
1 1 3 1    1.15206e-07    0
1 1 3 2    0              1.32553e-08
1 1 3 3    0              1.32553e-08
1 2 3 1   40              6.94615e-15
1 2 3 2    4.61612e-15    5.21739
1 2 3 3    0              7.35946e-09
2 2 3 1    4.44618e-09    9.5615e-14
2 2 3 2   14.7826         7.56329e-15
2 2 3 3    7.56326e-15   40
;

Vap = 133.633

