solve_message = '\
bonmin: Optimal'

:     X      V       :=
1 1   1   55.7895
1 2   1   94.0199
1 3   1      .
2 2   1   94.0199
2 3   1      .
3 3   1      .
;

:              D              B          :=
1 1 2 1   20              9.04673e-09
1 1 2 2   15.6522        44.3478
1 1 2 3    4.29797e-09   20
1 1 3 1    1.84946e-08    0
1 1 3 2    1.64651e-08    2.78356e-08
1 1 3 3    0              0
1 2 3 1   20              0
1 2 3 2    5.37879e-20   15.6522
1 2 3 3    2.43488e-14    4.29785e-09
2 2 3 1    9.04673e-09    3.80549e-20
2 2 3 2   44.3478         2.18208e-19
2 2 3 3    4.83854e-19   20
;

Vap = 149.809

