solve_message = 'Knitro 10.3.0: Locally optimal or satisfactory solution.\
objective 125.85052206448924; integrality gap 2.06e-08\
1 nodes; 2 subproblem solves'

:     X      V       :=
1 1   1   47.9634
1 2   1   77.8871
1 3   1      .
2 2   1   77.8871
2 3   1      .
3 3   1      .
;

:              D              B          :=
1 1 2 1   20              2.22124e-19
1 1 2 2    7.82608       22.1739
1 1 2 3    2.22041e-19   50
1 1 3 1    0              0
1 1 3 2    0              0
1 1 3 3    0              0
1 2 3 1   20              2.21412e-19
1 2 3 2    2.21326e-19    7.82608
1 2 3 3    2.2073e-19     2.22725e-19
2 2 3 1    2.22796e-19    2.20734e-19
2 2 3 2   22.1739         2.21432e-19
2 2 3 3    2.21433e-19   50
;

Vap = 125.851

