solve_message = '\
bonmin: Optimal'

:     X      V        :=
1 1   1    87.9634
1 2   1   102.418
1 3   1       .
2 2   1   102.418
2 3   1       .
3 3   1       .
;

:              D              B          :=
1 1 2 1   60              5.35184e-09
1 1 2 2    7.82608       22.1739
1 1 2 3    9.92574e-09   10
1 1 3 1    2.99275e-08    0
1 1 3 2    0              1.78395e-09
1 1 3 3    0              1.78395e-09
1 2 3 1   60              3.01484e-20
1 2 3 2    4.17888e-19    7.82608
1 2 3 3    1.9972e-19     9.92574e-09
2 2 3 1    5.35184e-09    0
2 2 3 2   22.1739         2.2995e-30
2 2 3 3    1.01272e-29   10
;

Vap = 190.381

