solve_message = '\
bonmin: Optimal'

:     X      V       :=
1 1   1   37.9634
1 2   1   85.6064
1 3   1      .
2 2   1   85.6064
2 3   1      .
3 3   1      .
;

:              D              B          :=
1 1 2 1   10              6.9919e-09
1 1 2 2    7.82608       22.1739
1 1 2 3    4.86461e-09   60
1 1 3 1    6.58398e-09    0
1 1 3 2    6.58398e-09    3.66348e-08
1 1 3 3    0              0
1 2 3 1   10              7.07732e-24
1 2 3 2    0              7.82608
1 2 3 3    3.53831e-14    4.86444e-09
2 2 3 1    6.99184e-09    1.23361e-14
2 2 3 2   22.1739         0
2 2 3 3    3.24919e-20   60
;

Vap = 123.57

