solve_message = 'Knitro 10.3.0: Locally optimal or satisfactory solution.\
objective 131.5560935463542; integrality gap -8.52e-05\
1 nodes; 2 subproblem solves'

:     X      V       :=
1 1   1   40.5721
1 2   1   90.984
1 3   1      .
2 2   1   90.984
2 3   1      .
3 3   1      .
;

:              D              B          :=
1 1 2 1   10              1.67794e-19
1 1 2 2   10.4348        29.5652
1 1 2 3    1.67749e-19   50
1 1 3 1    0              0
1 1 3 2    0              0
1 1 3 3    0              0
1 2 3 1   10              1.67266e-19
1 2 3 2    1.67259e-19   10.4348
1 2 3 3    1.66756e-19    1.68255e-19
2 2 3 1    1.68297e-19    1.66757e-19
2 2 3 2   29.5652         1.67267e-19
2 2 3 3    1.67269e-19   50
;

Vap = 131.556

