solve_message = '\
bonmin: Optimal'

:     X      V        :=
1 1   1    45.7895
1 2   1   101.739
1 3   1       .
2 2   1   101.739
2 3   1       .
3 3   1       .
;

:              D              B          :=
1 1 2 1   10              8.83971e-09
1 1 2 2   15.6522        44.3478
1 1 2 3    5.34947e-09   30
1 1 3 1    1.80198e-09    0
1 1 3 2    1.80198e-09    2.73202e-08
1 1 3 3    0              0
1 2 3 1   10              0
1 2 3 2    0             15.6522
1 2 3 3    1.08092e-16    5.34947e-09
2 2 3 1    8.83971e-09    1.26913e-17
2 2 3 2   44.3478         0
2 2 3 3    8.31265e-23   30
;

Vap = 147.529

