solve_message = '\
bonmin: Optimal'

:     X      V       :=
1 1   1   73.1808
1 2   1   73.2037
1 3   1      .
2 2   1   73.2037
2 3   1      .
3 3   1      .
;

:              D              B          :=
1 1 2 1   40              9.98503e-09
1 1 2 2   13.0435        36.9565
1 1 2 3    5.35179e-09   10
1 1 3 1    1.78403e-09    0
1 1 3 2    1.78402e-09    2.99887e-08
1 1 3 3    0              0
1 2 3 1   40              1.89888e-20
1 2 3 2    1.86243e-20   13.0435
1 2 3 3    0              5.35179e-09
2 2 3 1    9.98503e-09    3.09107e-18
2 2 3 2   36.9565         3.74479e-17
2 2 3 3    1.37681e-16   10
;

Vap = 146.384

