solve_message = 'Knitro 10.3.0: Locally optimal or satisfactory solution.\
objective 163.50117349046707; integrality gap -1.4e-08\
1 nodes; 2 subproblem solves'

:     X      V        :=
1 1   1    51.0069
1 2   1   112.494
1 3   1       .
2 2   1   112.494
2 3   1       .
3 3   1       .
;

:              D              B          :=
1 1 2 1   10              1.61476e-12
1 1 2 2   20.8696        59.1304
1 1 2 3   -2.71021e-12   10
1 1 3 1    3.17316e-11    0
1 1 3 2    3.16684e-11    0
1 1 3 3    5.71275e-12    0
1 2 3 1   10              1.31846e-12
1 2 3 2    1.32802e-12   20.8696
1 2 3 3    1.04405e-13   -9.94665e-13
2 2 3 1    2.04436e-12    3.2917e-13
2 2 3 2   59.1304         1.3183e-12
2 2 3 3    1.33011e-12   10
;

Vap = 163.501

