solve_message = 'Knitro 10.3.0: Locally optimal or satisfactory solution.\
objective 115.5835535743168; integrality gap -1.5e-10\
1 nodes; 2 subproblem solves'

:     X      V       :=
1 1   1   35.3547
1 2   1   80.2289
1 3   1      .
2 2   1   80.2289
2 3   1      .
3 3   1      .
;

:              D              B          :=
1 1 2 1   10              1.31684e-18
1 1 2 2    5.21739       14.7826
1 1 2 3    1.31832e-18   70
1 1 3 1    0              0
1 1 3 2    0              0
1 1 3 3    0              0
1 2 3 1   10              7.83825e-19
1 2 3 2    7.84408e-19    5.21739
1 2 3 3    6.92856e-20    1.87255e-18
2 2 3 1    1.8706e-18     6.93289e-20
2 2 3 2   14.7826         7.8205e-19
2 2 3 3    7.83201e-19   70
;

Vap = 115.584

