solve_message = 'Knitro 10.3.0: Locally optimal or satisfactory solution.\
objective 170.61973358270527; integrality gap -72.3\
1 nodes; 3 subproblem solves'

:     X      V        :=
1 1   1   102.023
1 2   1    68.5965
1 3   1       .
2 2   1    68.5965
2 3   1       .
3 3   1       .
;

:              D              B          :=
1 1 2 1   50              5.88882e-10
1 1 2 2    2.0684e-08    30
1 1 2 3    5.88842e-10   20
1 1 3 1    0              0
1 1 3 2    0              0
1 1 3 3    0              0
1 2 3 1   50              4.12964e-10
1 2 3 2    3.26913e-09    1.75309e-08
1 2 3 3    7.74888e-11    7.6622e-10
2 2 3 1    7.66286e-10    7.74794e-11
2 2 3 2   30              4.12905e-10
2 2 3 3    4.12891e-10   20
;

Vap = 170.62

