solve_message = '\
bonmin: Optimal'

:     X      V        :=
1 1   1    85.3547
1 2   1   100.786
1 3   1       .
2 2   1   100.786
2 3   1       .
3 3   1       .
;

:              D              B          :=
1 1 2 1   60              0
1 1 2 2    5.21739       14.7826
1 1 2 3    0             20
1 1 3 1    1.48109e-07    0
1 1 3 2    6.09351e-08    1.12325e-08
1 1 3 3    0              1.12118e-08
1 2 3 1   60              0
1 2 3 2    0              5.21739
1 2 3 3    0              0
2 2 3 1    0              0
2 2 3 2   14.7826         0
2 2 3 3    0             20
;

Vap = 186.141

