solve_message = 'Knitro 10.3.0: Locally optimal or satisfactory solution.\
objective 109.87798209246571; integrality gap 7.76e-08\
1 nodes; 2 subproblem solves'

:     X     V       :=
1 1   1   42.746
1 2   1   67.132
1 3   1      .
2 2   1   67.132
2 3   1      .
3 3   1      .
;

:              D              B          :=
1 1 2 1   20              3.90943e-12
1 1 2 2    2.60869        7.39131
1 1 2 3   -5.80257e-15   70
1 1 3 1    3.36036e-11    0
1 1 3 2    3.5864e-11     0
1 1 3 3    7.79974e-12    0
1 2 3 1   20              3.90025e-12
1 2 3 2    3.89753e-12    2.60869
1 2 3 3    3.89208e-12   -8.14688e-16
2 2 3 1    3.9183e-12     3.89132e-12
2 2 3 2    7.39131        3.90127e-12
2 2 3 3    3.90046e-12   70
;

Vap = 109.878

