solve_message = 'Knitro 10.3.0: Locally optimal or satisfactory solution.\
objective 178.0392922034519; integrality gap -79.6\
1 nodes; 3 subproblem solves'

:     X      V        :=
1 1   1   117.162
1 2   1    60.8772
1 3   1       .
2 2   1    60.8772
2 3   1       .
3 3   1       .
;

:              D              B          :=
1 1 2 1   60              8.96264e-09
1 1 2 2    6.33601e-08   30
1 1 2 3    9.42325e-09   10
1 1 3 1    0              0
1 1 3 2    0              0
1 1 3 3    0              0
1 2 3 1   60              5.23492e-09
1 2 3 2    2.40386e-08    4.39203e-08
1 2 3 3    8.30608e-10    1.22425e-08
2 2 3 1    1.11162e-08    9.97066e-10
2 2 3 2   30              8.56327e-09
2 2 3 3    1.17859e-08   10
;

Vap = 178.039

