solve_message = '\
bonmin: Optimal'

:     X      V       :=
1 1   1   80.5721
1 2   1   87.7951
1 3   1      .
2 2   1   87.7951
2 3   1      .
3 3   1      .
;

:              D              B          :=
1 1 2 1   50              5.35184e-09
1 1 2 2   10.4348        29.5652
1 1 2 3    9.99236e-09   10
1 1 3 1    2.9983e-08     0
1 1 3 2    0              1.78395e-09
1 1 3 3    0              1.78395e-09
1 2 3 1   50              1.20084e-21
1 2 3 2    1.5739e-20    10.4348
1 2 3 3    2.08159e-22    9.99236e-09
2 2 3 1    5.35184e-09    0
2 2 3 2   29.5652         2.64183e-30
2 2 3 3    0             10
;

Vap = 168.367

