solve_message = '\
bonmin: Optimal'

:     X      V       :=
1 1   1   57.9634
1 2   1   70.1678
1 3   1      .
2 2   1   70.1678
2 3   1      .
3 3   1      .
;

:              D              B          :=
1 1 2 1   30              6.0762e-09
1 1 2 2    7.82608       22.1739
1 1 2 3    4.42262e-09   40
1 1 3 1    1.43314e-08    0
1 1 3 2    1.43314e-08    5.60622e-08
1 1 3 3    0              0
1 2 3 1   30              6.53677e-17
1 2 3 2    6.53676e-17    7.82608
1 2 3 3    1.08673e-13    4.42208e-09
2 2 3 1    6.07597e-09    4.66577e-14
2 2 3 2   22.1739         3.33959e-16
2 2 3 3    2.08659e-16   40
;

Vap = 128.131

