solve_message = '\
bonmin: Optimal'

:     X      V        :=
1 1   1    51.0069
1 2   1   112.494
1 3   1       .
2 2   1   112.494
2 3   1       .
3 3   1       .
;

:              D              B          :=
1 1 2 1   10              6.75738e-09
1 1 2 2   20.8696        59.1304
1 1 2 3    5.33422e-09   10
1 1 3 1    1.91905e-09    0
1 1 3 2    1.91905e-09    9.95082e-08
1 1 3 3    0              0
1 2 3 1   10              0
1 2 3 2    0             20.8696
1 2 3 3    8.17471e-16    5.33421e-09
2 2 3 1    6.75729e-09    1.71366e-14
2 2 3 2   59.1304         6.83811e-20
2 2 3 3    3.77342e-18   10
;

Vap = 163.501

