solve_message = 'Knitro 10.3.0: Locally optimal or satisfactory solution.\
objective 123.56982356033548; integrality gap -9.76e-10\
1 nodes; 2 subproblem solves'

:     X      V       :=
1 1   1   37.9634
1 2   1   85.6064
1 3   1      .
2 2   1   85.6064
2 3   1      .
3 3   1      .
;

:              D              B          :=
1 1 2 1   10              1.18005e-20
1 1 2 2    7.82608       22.1739
1 1 2 3    1.18001e-20   60
1 1 3 1    0              0
1 1 3 2    0              0
1 1 3 3    0              0
1 2 3 1   10              9.37051e-21
1 2 3 2    9.37022e-21    7.82608
1 2 3 3    6.9366e-21     1.42306e-20
2 2 3 1    1.42304e-20    6.93672e-21
2 2 3 2   22.1739         9.37083e-21
2 2 3 3    9.37078e-21   60
;

Vap = 123.57

