solve_message = 'Knitro 10.3.0: Locally optimal or satisfactory solution.\
objective 137.87318405723477; integrality gap -1.3e-10\
1 nodes; 2 subproblem solves'

:     X      V       :=
1 1   1   67.9634
1 2   1   69.9098
1 3   1      .
2 2   1   69.9098
2 3   1      .
3 3   1      .
;

:              D              B          :=
1 1 2 1   40              4.39534e-20
1 1 2 2    7.82608       22.1739
1 1 2 3    3.96562e-20   30
1 1 3 1    0              0
1 1 3 2    0              0
1 1 3 3    0              0
1 2 3 1   40              2.32031e-20
1 2 3 2    9.48931e-12    7.82608
1 2 3 3    1.70022e-21    5.78533e-20
2 2 3 1    6.4797e-20     1.36945e-21
2 2 3 2   22.1739         2.31958e-20
2 2 3 3    2.13021e-20   30
;

Vap = 137.873

