solve_message = '\
bonmin: Optimal'

:     X      V        :=
1 1   1    48.3982
1 2   1   107.117
1 3   1       .
2 2   1   107.117
2 3   1       .
3 3   1       .
;

:              D              B          :=
1 1 2 1   10              5.41144e-09
1 1 2 2   18.2609        51.7391
1 1 2 3    4.47332e-09   20
1 1 3 1    1.33642e-08    0
1 1 3 2    1.33642e-08    6.97804e-08
1 1 3 3    0              0
1 2 3 1   10              1.98514e-20
1 2 3 2    1.98158e-20   18.2609
1 2 3 3    9.83982e-14    4.47283e-09
2 2 3 1    5.41101e-09    8.47108e-14
2 2 3 2   51.7391         1.11476e-20
2 2 3 3    2.62035e-19   20
;

Vap = 155.515

