solve_message = 'Knitro 10.3.0: Locally optimal or satisfactory solution.\
objective 208.15451179367676; integrality gap -1.5e-10\
1 nodes; 2 subproblem solves'

:     X      V       :=
1 1   1    92.746
1 2   1   115.409
1 3   1      .
2 2   1   115.409
2 3   1      .
3 3   1      .
;

:              D              B          :=
1 1 2 1   70              2.48166e-19
1 1 2 2    2.60869        7.39131
1 1 2 3    2.38382e-19   20
1 1 3 1    0              0
1 1 3 2    0              0
1 1 3 3    0              0
1 2 3 1   70              1.28536e-19
1 2 3 2    1.42652e-19    2.60869
1 2 3 3    5.79746e-21    3.51347e-19
2 2 3 1    3.68175e-19    4.4354e-21
2 2 3 2    7.39131        1.28527e-19
2 2 3 3    1.24449e-19   20
;

Vap = 208.155

