solve_message = '\
bonmin: Optimal'

:     X      V       :=
1 1   1   70.5721
1 2   1   71.5412
1 3   1      .
2 2   1   71.5412
2 3   1      .
3 3   1      .
;

:              D              B          :=
1 1 2 1   40              5.1993e-09
1 1 2 2   10.4348        29.5652
1 1 2 3    9.66916e-09   20
1 1 3 1    3.01825e-08    0
1 1 3 2    0              3.15976e-09
1 1 3 3    0              3.1211e-09
1 2 3 1   40              1.37021e-21
1 2 3 2    2.16062e-20   10.4348
1 2 3 3    9.61274e-18    9.66916e-09
2 2 3 1    5.19927e-09    7.2508e-15
2 2 3 2   29.5652         2.44712e-23
2 2 3 3    5.45754e-22   20
;

Vap = 142.113

