solve_message = '\
bonmin: Optimal'

:     X      V       :=
1 1   1   65.7895
1 2   1   86.3006
1 3   1      .
2 2   1   86.3006
2 3   1      .
3 3   1      .
;

:              D              B          :=
1 1 2 1   30              8.51317e-09
1 1 2 2   15.6522        44.3478
1 1 2 3    4.93775e-09   10
1 1 3 1    6.0858e-09     0
1 1 3 2    6.0858e-09     2.35264e-07
1 1 3 3    0              0
1 2 3 1   30              1.23586e-12
1 2 3 2    1.23586e-12   15.6522
1 2 3 3    9.80335e-14    4.9385e-09
2 2 3 1    8.49729e-09    3.42433e-12
2 2 3 2   44.3478         2.20033e-11
2 2 3 3    9.33348e-11   10
;

Vap = 152.09

