solve_message = '\
bonmin: Optimal'

:     X      V       :=
1 1   1   52.746
1 2   1   59.4127
1 3   1      .
2 2   1   59.4127
2 3   1      .
3 3   1      .
;

:              D              B          :=
1 1 2 1   30              0
1 1 2 2    2.60869        7.39131
1 1 2 3    0             60
1 1 3 1    2.45399e-09    0
1 1 3 2    2.45399e-09    4.48391e-08
1 1 3 3    0              0
1 2 3 1   30              0
1 2 3 2    0              2.60869
1 2 3 3    0              0
2 2 3 1    0              0
2 2 3 2    7.39131        0
2 2 3 3    0             60
;

Vap = 112.159

