solve_message = '\
bonmin: Optimal'

:     X      V       :=
1 1   1   43.1808
1 2   1   96.3616
1 3   1      .
2 2   1   96.3616
2 3   1      .
3 3   1      .
;

:              D              B          :=
1 1 2 1   10              6.03682e-09
1 1 2 2   13.0435        36.9565
1 1 2 3    4.92519e-09   40
1 1 3 1    5.86481e-09    0
1 1 3 2    5.86481e-09    2.80144e-08
1 1 3 3    0              0
1 2 3 1   10              2.51953e-23
1 2 3 2    5.88071e-25   13.0435
1 2 3 3    2.93437e-14    4.92504e-09
2 2 3 1    6.03673e-09    1.7784e-14
2 2 3 2   36.9565         0
2 2 3 3    9.88352e-21   40
;

Vap = 139.542

