solve_message = 'Knitro 10.3.0: Locally optimal or satisfactory solution.\
objective 120.14495058262432; integrality gap 4.63e-07\
1 nodes; 2 subproblem solves'

:     X      V       :=
1 1   1   55.3547
1 2   1   64.7903
1 3   1      .
2 2   1   64.7903
2 3   1      .
3 3   1      .
;

:              D              B          :=
1 1 2 1   30              4.22432e-17
1 1 2 2    5.21739       14.7826
1 1 2 3    4.22411e-17   50
1 1 3 1    0              0
1 1 3 2    0              0
1 1 3 3    0              0
1 2 3 1   30              4.2232e-17
1 2 3 2    4.22029e-17    5.21739
1 2 3 3    4.2222e-17     4.22535e-17
2 2 3 1    4.22527e-17    4.22228e-17
2 2 3 2   14.7826         4.2239e-17
2 2 3 3    4.22367e-17   50
;

Vap = 120.145

