solve_message = 'Knitro 10.3.0: Locally optimal or satisfactory solution.\
objective 129.39290866817873; integrality gap -3.65e-08\
1 nodes; 2 subproblem solves'

:     X      V       :=
1 1   1   62.746
1 2   1   66.6469
1 3   1      .
2 2   1   66.6469
2 3   1      .
3 3   1      .
;

:              D              B          :=
1 1 2 1   40              2.0273e-20
1 1 2 2    2.60869        7.39131
1 1 2 3    2.03245e-20   50
1 1 3 1    0              0
1 1 3 2    0              0
1 1 3 3    0              0
1 2 3 1   40              1.34978e-20
1 2 3 2    1.39584e-20    2.60869
1 2 3 3    2.77257e-21    2.71704e-20
2 2 3 1    2.69392e-20    2.79515e-21
2 2 3 2    7.39131        1.35015e-20
2 2 3 3    1.35318e-20   50
;

Vap = 129.393

