solve_message = '\
bonmin: Optimal'

:     X      V       :=
1 1   1   45.3547
1 2   1   72.5096
1 3   1      .
2 2   1   72.5096
2 3   1      .
3 3   1      .
;

:              D              B          :=
1 1 2 1   20              8.64459e-09
1 1 2 2    5.21739       14.7826
1 1 2 3    4.63962e-09   60
1 1 3 1    1.00795e-08    0
1 1 3 2    1.00795e-08    4.01009e-07
1 1 3 3    0              0
1 2 3 1   20              6.91361e-13
1 2 3 2    6.91361e-13    5.21739
1 2 3 3    9.13847e-14    4.63984e-09
2 2 3 1    8.63855e-09    1.34862e-12
2 2 3 2   14.7826         1.76311e-11
2 2 3 3    4.86503e-12   60
;

Vap = 117.864

