solve_message = 'Knitro 10.3.0: Locally optimal or satisfactory solution.\
objective 212.3946494881948; integrality gap -6.97e-10\
1 nodes; 2 subproblem solves'

:     X      V        :=
1 1   1    95.3547
1 2   1   117.04
1 3   1       .
2 2   1   117.04
2 3   1       .
3 3   1       .
;

:              D              B          :=
1 1 2 1   70              2.75798e-18
1 1 2 2    5.21739       14.7826
1 1 2 3    2.7539e-18    10
1 1 3 1    0              0
1 1 3 2    0              0
1 1 3 3    0              0
1 2 3 1   70              2.73367e-18
1 2 3 2    2.72782e-18    5.21739
1 2 3 3    2.70084e-18    2.78024e-18
2 2 3 1    2.78296e-18    2.7011e-18
2 2 3 2   14.7826         2.73364e-18
2 2 3 3    2.73382e-18   10
;

Vap = 212.395

