solve_message = '\
bonmin: Optimal'

:     X      V       :=
1 1   1   50.5721
1 2   1   83.2647
1 3   1      .
2 2   1   83.2647
2 3   1      .
3 3   1      .
;

:              D              B          :=
1 1 2 1   20              8.88411e-09
1 1 2 2   10.4348        29.5652
1 1 2 3    5.21472e-09   40
1 1 3 1    2.87043e-09    0
1 1 3 2    2.87043e-09    2.90298e-08
1 1 3 3    0              0
1 2 3 1   20              1.10114e-21
1 2 3 2    1.10097e-21   10.4348
1 2 3 3    6.70805e-15    5.21469e-09
2 2 3 1    8.8841e-09     1.39486e-16
2 2 3 2   29.5652         1.07086e-19
2 2 3 3    1.04429e-19   40
;

Vap = 133.837

