solve_message = '\
bonmin: Optimal'

:     X      V       :=
1 1   1   62.746
1 2   1   66.6469
1 3   1      .
2 2   1   66.6469
2 3   1      .
3 3   1      .
;

:              D              B          :=
1 1 2 1   40              5.13842e-09
1 1 2 2    2.60869        7.39131
1 1 2 3    9.28103e-09   50
1 1 3 1    2.92215e-08    0
1 1 3 2    0              3.47997e-09
1 1 3 3    0              3.47998e-09
1 2 3 1   40              1.26646e-16
1 2 3 2    2.06448e-14    2.60869
1 2 3 3    4.7654e-16     9.28103e-09
2 2 3 1    5.13837e-09    1.10105e-14
2 2 3 2    7.39131        1.77439e-18
2 2 3 3    1.7744e-18    50
;

Vap = 129.393

