solve_message = '\
bonmin: Optimal'

:     X      V       :=
1 1   1   67.9634
1 2   1   69.9098
1 3   1      .
2 2   1   69.9098
2 3   1      .
3 3   1      .
;

:              D              B          :=
1 1 2 1   40              5.2471e-09
1 1 2 2    7.82608       22.1739
1 1 2 3    9.77874e-09   30
1 1 3 1    3.04173e-08    0
1 1 3 2    0              2.94981e-09
1 1 3 3    0              2.38969e-09
1 2 3 1   40              3.23066e-21
1 2 3 2    8.76612e-21    7.82608
1 2 3 3    3.73597e-18    9.77874e-09
2 2 3 1    5.24708e-09    3.98339e-15
2 2 3 2   22.1739         0
2 2 3 3    0             30
;

Vap = 137.873

