solve_message = '\
bonmin: Optimal'

:     X      V       :=
1 1   1   58.3982
1 2   1   99.3974
1 3   1      .
2 2   1   99.3974
2 3   1      .
3 3   1      .
;

:              D              B          :=
1 1 2 1   20              5.4706e-09
1 1 2 2   18.2609        51.7391
1 1 2 3    4.48746e-09   10
1 1 3 1    1.31085e-08    0
1 1 3 2    1.31085e-08    3.005e-08
1 1 3 3    0              0
1 2 3 1   20              0
1 2 3 2    4.58255e-22   18.2609
1 2 3 3    9.56067e-14    4.48699e-09
2 2 3 1    5.47045e-09    3.07429e-14
2 2 3 2   51.7391         1.28409e-22
2 2 3 3    5.41418e-20   10
;

Vap = 157.796

