solve_message = '\
bonmin: Optimal'

:     X      V        :=
1 1   1    95.3547
1 2   1   117.04
1 3   1       .
2 2   1   117.04
2 3   1       .
3 3   1       .
;

:              D            B        :=
1 1 2 1   70              0
1 1 2 2    5.21739       14.7826
1 1 2 3    0             10
1 1 3 1    1.12224e-07    0
1 1 3 2    0              0
1 1 3 3    0              0
1 2 3 1   70              0
1 2 3 2    0              5.21739
1 2 3 3    0              0
2 2 3 1    0              0
2 2 3 2   14.7826         0
2 2 3 3    0             10
;

Vap = 212.395

