solve_message = 'Knitro 10.3.0: Locally optimal or satisfactory solution.\
objective 136.11749055481147; integrality gap 2.18e-08\
1 nodes; 2 subproblem solves'

:     X      V       :=
1 1   1   60.5721
1 2   1   75.5454
1 3   1      .
2 2   1   75.5454
2 3   1      .
3 3   1      .
;

:              D              B          :=
1 1 2 1   30              2.28388e-14
1 1 2 2   10.4348        29.5652
1 1 2 3    2.28383e-14   30
1 1 3 1    0              0
1 1 3 2    0              0
1 1 3 3    0              0
1 2 3 1   30              2.28386e-14
1 2 3 2    2.28376e-14   10.4348
1 2 3 3    2.28385e-14    2.28386e-14
2 2 3 1    2.28389e-14    2.28385e-14
2 2 3 2   29.5652         2.28388e-14
2 2 3 3    2.2839e-14    30
;

Vap = 136.117

