solve_message = '\
bonmin: Optimal'

:     X      V       :=
1 1   1    92.746
1 2   1   115.409
1 3   1      .
2 2   1   115.409
2 3   1      .
3 3   1      .
;

:              D              B          :=
1 1 2 1   70              4.93634e-09
1 1 2 2    2.60869        7.39131
1 1 2 3    9.96747e-09   20
1 1 3 1    2.98826e-08    0
1 1 3 2    0              1.11834e-08
1 1 3 3    0              8.35459e-09
1 2 3 1   70              5.44227e-20
1 2 3 2    1.46048e-18    2.60869
1 2 3 3    6.13724e-21    9.96747e-09
2 2 3 1    4.93633e-09    1.26796e-15
2 2 3 2    7.39131        1.29686e-20
2 2 3 3    0             20
;

Vap = 208.155

