solve_message = 'Knitro 10.3.0: Locally optimal or satisfactory solution.\
objective 152.09003052669897; integrality gap -91.5\
1 nodes; 3 subproblem solves'

:     X      V       :=
1 1   1   65.7895
1 2   1   86.3006
1 3   1      .
2 2   1   86.3006
2 3   1      .
3 3   1      .
;

:              D              B          :=
1 1 2 1   30              3.53442e-19
1 1 2 2   15.6522        44.3478
1 1 2 3    1.97747e-19   10
1 1 3 1    0              0
1 1 3 2    0              0
1 1 3 3    0              0
1 2 3 1   30              1.26288e-19
1 2 3 2    1.2629e-19    15.6522
1 2 3 3    1.93148e-20    2.70671e-19
2 2 3 1    3.15085e-19    3.83581e-20
2 2 3 2   44.3478         1.26266e-19
2 2 3 3    1.26704e-19   10
;

Vap = 152.09

