solve_message = '\
bonmin: Optimal'

:     X     V       :=
1 1   1   42.746
1 2   1   67.132
1 3   1      .
2 2   1   67.132
2 3   1      .
3 3   1      .
;

:              D              B          :=
1 1 2 1   20              8.77503e-09
1 1 2 2    2.60869        7.39131
1 1 2 3    5.02475e-09   70
1 1 3 1    4.64904e-09    0
1 1 3 2    4.64904e-09    3.07456e-08
1 1 3 3    0              0
1 2 3 1   20              2.7916e-18
1 2 3 2    2.79139e-18    2.60869
1 2 3 3    1.80835e-14    5.02466e-09
2 2 3 1    8.77503e-09    3.5962e-16
2 2 3 2    7.39131        1.19807e-16
2 2 3 3    1.52883e-17   70
;

Vap = 109.878

