solve_message = '\
bonmin: Optimal'

:     X      V       :=
1 1   1   35.3547
1 2   1   80.2289
1 3   1      .
2 2   1   80.2289
2 3   1      .
3 3   1      .
;

:              D              B          :=
1 1 2 1   10              7.64083e-09
1 1 2 2    5.21739       14.7826
1 1 2 3    5.3346e-09    70
1 1 3 1    1.91605e-09    0
1 1 3 2    1.91605e-09    3.92783e-08
1 1 3 3    0              0
1 2 3 1   10              0
1 2 3 2    0              5.21739
1 2 3 3    7.73292e-16    5.3346e-09
2 2 3 1    7.64079e-09    7.36826e-15
2 2 3 2   14.7826         0
2 2 3 3    3.74133e-20   70
;

Vap = 115.584

