solve_message = '\
bonmin: Optimal'

:     X      V       :=
1 1   1   116.77
1 2   1   136.285
1 3   1      .
2 2   0     0
2 3   1      .
3 3   1      .
;

:              D              B          :=
1 1 2 1   80              0
1 1 2 2   10              0
1 1 2 3    9.99146e-09    7.14095e-09
1 1 3 1    2.99694e-08    9.93977e-10
1 1 3 2    0              1.24883e-09
1 1 3 3    0             10
1 2 3 1   80              2.53156e-23
1 2 3 2    0             10
1 2 3 3    1.4779e-28     9.99146e-09
2 2 3 1    0              0
2 2 3 2    0              0
2 2 3 3    3.74094e-09    3.40001e-09
;

Vap = 253.055

