solve_message = '\
bonmin: Optimal'

:     X      V       :=
1 1   1   47.9634
1 2   1   77.8871
1 3   1      .
2 2   1   77.8871
2 3   1      .
3 3   1      .
;

:              D              B          :=
1 1 2 1   20              9.95053e-09
1 1 2 2    7.82608       22.1739
1 1 2 3    5.35184e-09   50
1 1 3 1    1.78395e-09    0
1 1 3 2    1.78395e-09    3.0161e-08
1 1 3 3    0              0
1 2 3 1   20              1.36906e-30
1 2 3 2    1.22569e-29    7.82608
1 2 3 3    5.98134e-26    5.35184e-09
2 2 3 1    9.95053e-09    4.45848e-20
2 2 3 2   22.1739         1.71473e-20
2 2 3 3    0             50
;

Vap = 125.851

