solve_message = 'Knitro 10.3.0: Locally optimal or satisfactory solution.\
objective 141.82306203652655; integrality gap 2.35e-08\
1 nodes; 2 subproblem solves'

:     X      V       :=
1 1   1   53.1808
1 2   1   88.6423
1 3   1      .
2 2   1   88.6423
2 3   1      .
3 3   1      .
;

:              D              B          :=
1 1 2 1   20              3.61561e-19
1 1 2 2   13.0435        36.9565
1 1 2 3    3.59357e-19   30
1 1 3 1    0              0
1 1 3 2    0              0
1 1 3 3    0              0
1 2 3 1   20              2.91929e-19
1 2 3 2    2.89502e-19   13.0435
1 2 3 3    9.72539e-20    4.18682e-19
2 2 3 1    4.21178e-19    9.74725e-20
2 2 3 2   36.9565         2.91931e-19
2 2 3 3    2.92582e-19   30
;

Vap = 141.823

