solve_message = '\
bonmin: Optimal'

:     X      V       :=
1 1   1   63.1808
1 2   1   80.923
1 3   1      .
2 2   1   80.923
2 3   1      .
3 3   1      .
;

:              D              B          :=
1 1 2 1   30              9.75858e-09
1 1 2 2   13.0435        36.9565
1 1 2 3    5.3409e-09    20
1 1 3 1    1.86752e-09    0
1 1 3 2    1.86752e-09    3.79705e-08
1 1 3 3    0              0
1 2 3 1   30              8.60572e-21
1 2 3 2    8.60564e-21   13.0435
1 2 3 3    4.59345e-16    5.34089e-09
2 2 3 1    9.7586e-09     0
2 2 3 2   36.9565         8.66743e-18
2 2 3 3    3.01071e-17   20
;

Vap = 144.104

