solve_message = 'Knitro 10.3.0: Locally optimal or satisfactory solution.\
objective 186.14078177969546; integrality gap -1.5e-10\
1 nodes; 2 subproblem solves'

:     X      V        :=
1 1   1    85.3547
1 2   1   100.786
1 3   1       .
2 2   1   100.786
2 3   1       .
3 3   1       .
;

:              D              B          :=
1 1 2 1   60              2.39464e-20
1 1 2 2    5.21739       14.7826
1 1 2 3    2.37264e-20   20
1 1 3 1    0              0
1 1 3 2    0              0
1 1 3 3    0              0
1 2 3 1   60              1.50656e-20
1 2 3 2    1.50952e-20    5.21739
1 2 3 3    1.98375e-21    3.27685e-20
2 2 3 1    3.31464e-20    1.94995e-21
2 2 3 2   14.7826         1.50654e-20
2 2 3 3    1.50092e-20   20
;

Vap = 186.141

