solve_message = '\
bonmin: Optimal'

:     X      V       :=
1 1   1   55.3547
1 2   1   64.7903
1 3   1      .
2 2   1   64.7903
2 3   1      .
3 3   1      .
;

:              D              B          :=
1 1 2 1   30              7.92037e-10
1 1 2 2    5.21739       14.7826
1 1 2 3    5.70235e-10   50
1 1 3 1    3.39974e-09    0
1 1 3 2    3.39974e-09    6.66434e-08
1 1 3 3    0              0
1 2 3 1   30              0
1 2 3 2    0              5.21739
1 2 3 3    2.11469e-09    0
2 2 3 1    0              2.15753e-09
2 2 3 2   14.7826         0
2 2 3 3    0             50
;

Vap = 120.145

