solve_message = 'Knitro 10.3.0: Locally optimal or satisfactory solution.\
objective 138.4390829621693; integrality gap -17.2\
1 nodes; 2 subproblem solves'

:     X      V       :=
1 1   1   89.8426
1 2   1   48.5965
1 3   1      .
2 2   1   48.5965
2 3   1      .
3 3   1      .
;

:              D              B          :=
1 1 2 1   50              4.43822e-09
1 1 2 2    5.35942e-08   10
1 1 2 3    4.84256e-09   40
1 1 3 1    0              0
1 1 3 2    0              0
1 1 3 3    0              0
1 2 3 1   50              2.44972e-09
1 2 3 2    2.15558e-08    3.57954e-08
1 2 3 3    5.416e-10      6.52354e-09
2 2 3 1    5.16591e-09    7.47472e-10
2 2 3 2   10              5.222e-09
2 2 3 3    3.51207e-09   40
;

Vap = 138.439

