solve_message = '\
bonmin: Optimal'

:     X      V       :=
1 1   1   53.1808
1 2   1   88.6423
1 3   1      .
2 2   1   88.6423
2 3   1      .
3 3   1      .
;

:              D              B          :=
1 1 2 1   20              6.6366e-09
1 1 2 2   13.0435        36.9565
1 1 2 3    4.90517e-09   30
1 1 3 1    6.12242e-09    0
1 1 3 2    6.12242e-09    2.72083e-08
1 1 3 3    0              0
1 2 3 1   20              1.98941e-23
1 2 3 2    2.95372e-23   13.0435
1 2 3 3    3.1608e-14     4.90501e-09
2 2 3 1    6.63656e-09    7.53258e-15
2 2 3 2   36.9565         0
2 2 3 3    1.19234e-20   30
;

Vap = 141.823

