solve_message = '\
bonmin: Optimal'

:     X      V       :=
1 1   1   32.746
1 2   1   74.8513
1 3   1      .
2 2   1   74.8513
2 3   1      .
3 3   1      .
;

:              D              B          :=
1 1 2 1   10              6.68164e-09
1 1 2 2    2.60869        7.39131
1 1 2 3    4.62217e-09   80
1 1 3 1    1.03778e-08    0
1 1 3 2    1.03778e-08    1.74427e-08
1 1 3 3    0              0
1 2 3 1   10              0
1 2 3 2    3.00646e-22    2.60869
1 2 3 3    6.07217e-14    4.62187e-09
2 2 3 1    6.68163e-09    2.74953e-15
2 2 3 2    7.39131        0
2 2 3 3    4.93547e-22   80
;

Vap = 107.597

