solve_message = 'Knitro 10.3.0: Locally optimal or satisfactory solution.\
objective 159.88691407119612; integrality gap 4.44e-10\
1 nodes; 2 subproblem solves'

:     X      V       :=
1 1   1   75.3547
1 2   1   84.5322
1 3   1      .
2 2   1   84.5322
2 3   1      .
3 3   1      .
;

:              D              B          :=
1 1 2 1   50              1.42894e-20
1 1 2 2    5.21739       14.7826
1 1 2 3    1.35855e-20   30
1 1 3 1    0              0
1 1 3 2    0              0
1 1 3 3    0              0
1 2 3 1   50              1.08167e-20
1 2 3 2    1.05317e-20    5.21739
1 2 3 3    3.34993e-21    1.62417e-20
2 2 3 1    1.74194e-20    3.24213e-21
2 2 3 2   14.7826         1.08158e-20
2 2 3 3    1.05348e-20   30
;

Vap = 159.887

