solve_message = '\
bonmin: Optimal'

:     X      V       :=
1 1   1   40.5721
1 2   1   90.984
1 3   1      .
2 2   1   90.984
2 3   1      .
3 3   1      .
;

:              D              B          :=
1 1 2 1   10              9.92633e-09
1 1 2 2   10.4348        29.5652
1 1 2 3    5.35184e-09   50
1 1 3 1    1.78395e-09    0
1 1 3 2    1.78395e-09    3.00432e-08
1 1 3 3    0              0
1 2 3 1   10              0
1 2 3 2    1.46232e-29   10.4348
1 2 3 3    4.32676e-25    5.35184e-09
2 2 3 1    9.92633e-09    7.97851e-20
2 2 3 2   29.5652         2.71997e-21
2 2 3 3    0             50
;

Vap = 131.556

