solve_message = 'Knitro 10.3.0: Locally optimal or satisfactory solution.\
objective 133.8367920505079; integrality gap 1.63e-09\
1 nodes; 2 subproblem solves'

:     X      V       :=
1 1   1   50.5721
1 2   1   83.2647
1 3   1      .
2 2   1   83.2647
2 3   1      .
3 3   1      .
;

:              D              B          :=
1 1 2 1   20              3.70498e-17
1 1 2 2   10.4348        29.5652
1 1 2 3    3.70474e-17   40
1 1 3 1    0              0
1 1 3 2    0              0
1 1 3 3    0              0
1 2 3 1   20              3.70478e-17
1 2 3 2    3.70463e-17   10.4348
1 2 3 3    3.70462e-17    3.70489e-17
2 2 3 1    3.70511e-17    3.70463e-17
2 2 3 2   29.5652         3.7048e-17
2 2 3 3    3.70482e-17   40
;

Vap = 133.837

