solve_message = 'Knitro 10.3.0: Locally optimal or satisfactory solution.\
objective 304.72850678716657; integrality gap -57\
1 nodes; 3 subproblem solves'

:     X      V        :=
1 1   1    84.6154
1 2   1   220.113
1 3   1       .
2 2   1   220.113
2 3   1       .
3 3   1       .
;

:              D              B          :=
1 1 2 1   30              3.68331e-19
1 1 2 2    6.53846       33.4615
1 1 2 3    3.68469e-19   30
1 1 3 1    0              0
1 1 3 2    0              0
1 1 3 3    0              0
1 2 3 1   30              2.2258e-19
1 2 3 2    2.22563e-19    6.53846
1 2 3 3    2.17148e-20    5.18007e-19
2 2 3 1    5.17896e-19    2.17095e-20
2 2 3 2   33.4615         2.2257e-19
2 2 3 3    2.2392e-19    30
;

Vap = 304.729

