solve_message = 'Knitro 10.3.0: Locally optimal or satisfactory solution.\
objective 449.09090909075894; integrality gap -0.000135\
1 nodes; 2 subproblem solves'

:     X      V       :=
1 1   1   170.909
1 2   1   278.182
1 3   1      .
2 2   1   278.182
2 3   1      .
3 3   1      .
;

:              D              B          :=
1 1 2 1   60              2.06568e-19
1 1 2 2   20             60
1 1 2 3    2.10989e-19   60
1 1 3 1    0              0
1 1 3 2    0              0
1 1 3 3    0              0
1 2 3 1   60              1.09111e-19
1 2 3 2    1.09104e-19   20
1 2 3 3    3.03998e-21    3.09163e-19
2 2 3 1    3.04882e-19    3.01234e-21
2 2 3 2   60              1.09128e-19
2 2 3 3    1.09095e-19   60
;

Vap = 449.091

