solve_message = 'Knitro 10.3.0: Locally optimal or satisfactory solution.\
objective 362.1538461536961; integrality gap 8.85e-08\
1 nodes; 2 subproblem solves'

:     X      V       :=
1 1   1   170.769
1 2   1   191.385
1 3   1      .
2 2   1   191.385
2 3   1      .
3 3   1      .
;

:              D              B          :=
1 1 2 1   60              1.66525e-20
1 1 2 2   33.8462        46.1538
1 1 2 3    1.66288e-20   60
1 1 3 1    0              0
1 1 3 2    0              0
1 1 3 3    0              0
1 2 3 1   60              9.48463e-21
1 2 3 2    9.47286e-21   33.8462
1 2 3 3    6.34331e-22    2.39626e-20
2 2 3 1    2.40079e-20    6.29707e-22
2 2 3 2   46.1538         9.48587e-21
2 2 3 3    9.47584e-21   60
;

Vap = 362.154

