solve_message = 'Knitro 10.3.0: Locally optimal or satisfactory solution.\
objective 324.731914893467; integrality gap -1.5e-10\
1 nodes; 2 subproblem solves'

:     X      V       :=
1 1   1   140
1 2   1   184.732
1 3   1      .
2 2   1   184.732
2 3   1      .
3 3   1      .
;

:              D              B          :=
1 1 2 1   60              9.92591e-19
1 1 2 2   37.4468        42.5532
1 1 2 3    9.77446e-19   60
1 1 3 1    0              0
1 1 3 2    0              0
1 1 3 3    0              0
1 2 3 1   60              8.32055e-19
1 2 3 2    8.26408e-19   37.4468
1 2 3 3    3.05072e-19    1.09336e-18
2 2 3 1    1.11981e-18    3.01474e-19
2 2 3 2   42.5532         8.32095e-19
2 2 3 3    8.26565e-19   60
;

Vap = 324.732

