var V [*,*] (tr)
:         1              2         :=
1     98.21734372   40.87159616
2    100.5640492    41.07764974
3    100.8999739    41.0495035
4    100.653461     40.82540875
5    100.3820504    40.52142021
6    100.1934296    40.52184117
7    100.0771934    40.56564236
8    100.007968     44.61079753
9    100.0079672    45.929924
10   100.0079672    46.35812898
11   100.0079672    60.00399208
12   100.0079672    60.00399211
13   100.0079671    60.00399215
14   100.0079674    60.00399225
15     0             0
;

var y [1,*,*]
:         1              2               3          :=
1    0.1702301198   0.6019121013   0.2278577302
2    0.2645754727   0.6054444373   0.1299800896
3    0.3440864409   0.555301709    0.1006118501
4    0.4085899108   0.5013032259   0.09010686341
5    0.4581999836   0.4568477345   0.08495228235
6    0.4945015851   0.4237263902   0.08177202531
7    0.5200437202   0.4003148563   0.07964142344
8    0.5375119878   0.384289426    0.07819858595
9    0.5375119915   0.3842894281   0.0781985858
10   0.5375119915   0.3842894281   0.0781985858
11   0.5375119914   0.384289428    0.0781985858
12   0.5375119915   0.3842894281   0.07819858579
13   0.5375119917   0.3842894282   0.07819858578
14   0.5375119932   0.38428943     0.07819858249
15   0.5375316247   0.384287567    0.07818088427

 [2,*,*]
:          1              2               3          :=
1    0.03256610881   0.5279940985   0.4394397898
2    0.05792856736   0.6293916374   0.312679795
3    0.08451317097   0.6522496223   0.2632372082
4    0.1123785406    0.6441509556   0.2434705065
5    0.1411582377    0.6248782194   0.2339635451
6    0.1411720949    0.6249282018   0.2338997033
7    0.1434901725    0.6267464553   0.2297633722
8    0.4124056483    0.5359129848   0.0516814334
9    0.5651948816    0.412380303    0.02242481543
10   0.6479013981    0.3347509491   0.01734765297
11   0.6903786976    0.2935751285   0.01604618184
12   0.6903786973    0.2935751284   0.01604618186
13   0.690378697     0.2935751283   0.01604618187
14   0.6903786982    0.2935751286   0.01604618043
15   0.6903920541    0.2935667222   0.01604135925
;

var L [*,*] (tr)
:           1                  2            :=
1      0                  0
2    198.2173312        100.8715911
3    200.5640415        101.077645
4    200.8999663        101.0494989
5    200.6534535        100.8254042
6    200.3820429          0.5214230713
7    200.1934221          0.521843943
8    200.0771857          0.5656451532
9      0.007960357082    84.61079994
10     0.007960094768    85.92992346
11     0.007960099583    86.35812913
12     0.007960109706     0.003984410724
13     0.007960109161     0.003984422161
14     0.007960098639     0.003984437379
15     0.007960321702     0.003984546208
;

var x [1,*,*]
:          1              2              3          :=
1    0.06246837483   0.4157124329   0.5218191157
2    0.1158646802    0.5079750111   0.3761603091
3    0.1638061246    0.5108452477   0.3253486278
4    0.2039081996    0.4858197492   0.3102720511
5    0.2360927527    0.4586472168   0.30526003
6    0.260711442     0.4363193144   0.302969243
7    0.2786937089    0.419723299    0.3015829921
8    0.2913443293    0.40801069     0.300644981
9    0.291344329     0.4080106885   0.3006449771
10   0.291344329     0.4080106886   0.3006449771
11   0.291344329     0.4080106886   0.3006449772
12   0.291344329     0.4080106886   0.3006449771
13   0.2913443289    0.4080106885   0.3006449769
14   0.2913443323    0.4080106943   0.3006449677
15   0.2913701154    0.4080321623   0.3005977962

 [2,*,*]
:          1               2               3          :=
1    0.009224983002   0.274525201    0.7162497329
2    0.01868244417    0.3772268607   0.6040906953
3    0.02901797379    0.4187418624   0.5522401624
4    0.0398094283     0.4279688239   0.5322217451
5    0.05099309035    0.4241910901   0.5248158174
6    0.05100249355    0.4242652156   0.5247322908
7    0.05215126518    0.4283083448   0.51954039
8    0.22528722       0.5739310574   0.2007816809
9    0.3631614889     0.5285644274   0.1082740837
10   0.4455839785     0.46264849     0.09176753126
11   0.4905749606     0.4207268199   0.08869821151
12   0.4905749607     0.42072682     0.08869821173
13   0.4905749608     0.4207268202   0.08869821185
14   0.4905749646     0.4207268234   0.08869820461
15   0.4905977654     0.4207274429   0.08867479161
;

var :   PC   PR    :=
1    0    0
2   60   60
;

var T [*,*] (tr)
:         1             2         :=
1    442.1094348   455.5905263
2    433.3758559   448.7289418
3    429.3786799   445.4924627
4    427.1557926   443.8973322
5    425.6637574   442.9032524
6    424.599644    442.8988849
7    423.8455502   442.5958331
8    423.3231704   422.9644959
9    423.3231708   415.6631174
10   423.3231708   412.6879925
11   423.3231708   411.2739918
12   423.3231708   411.2739917
13   423.3231708   411.2739917
14   423.3231704   411.2739914
15   423.3207826   411.2728224
;

var TF = 422.9689772;

var :       QC             QR         :=
1   850.916401    1052.931727
2   506.1441261    455.9086673
;

