var V [*,*] (tr)
:         1              2         :=
1     98.54241844   30.44441703
2    100.9001717    30.84410074
3    101.2384488    30.92624652
4    100.988366     30.80786272
5    100.7125088    30.77316619
6    100.5204672    31.82574465
7    100.4020041    32.72904993
8    100.3314523    33.26563007
9    100.3314413    33.46364221
10   100.3314393    33.66184252
11   100.3314424    40.57314386
12   100.3314432    40.57314596
13   100.3314462    40.57330694
14   100.3318209    40.57618327
15     0             0
;

var y [1,*,*]
:         1              2               3          :=
1    0.1688461557   0.6026004142   0.22855342
2    0.2628582573   0.6067906756   0.1303510672
3    0.3423791475   0.5568013929   0.1008194595
4    0.4071186819   0.5026380301   0.0902432878
5    0.457072246    0.4578803019   0.08504745172
6    0.4937294912   0.4244349244   0.08183558184
7    0.5195847116   0.4007361779   0.07967909741
8    0.5373036566   0.3844805613   0.07821572925
9    0.5373037052   0.3844805891   0.07821572708
10   0.5373037142   0.3844805943   0.07821572662
11   0.5373037002   0.3844805864   0.07821572701
12   0.5373036972   0.384480585    0.07821572671
13   0.5373037088   0.3844806187   0.07821568158
14   0.537306323    0.3844836331   0.07821004502
15   0.5381193997   0.3844021008   0.07747844365

 [2,*,*]
:          1              2               3          :=
1    0.03025477027   0.5812505503   0.38849468
2    0.05350315165   0.6805637836   0.2659330647
3    0.07847957523   0.7006418619   0.2208785628
4    0.1054823886    0.6907367477   0.2037808638
5    0.1342755994    0.6699275343   0.1957968665
6    0.1553378745    0.7295132371   0.1151488884
7    0.2068007997    0.7323071032   0.06089209704
8    0.3218790471    0.6469475628   0.03117338953
9    0.4436148793    0.5339255007   0.02245961561
10   0.5569571688    0.4241651802   0.01887762815
11   0.6494055099    0.3338612764   0.01673305735
12   0.6494056735    0.3338615111   0.01673281262
13   0.6494070059    0.3338641474   0.01672905955
14   0.6494549225    0.3338756196   0.01666949928
15   0.6522907692    0.332010166    0.01569906924
;

var L [*,*] (tr)
:          1                2          :=
1      0               0
2    198.5424229      70.44441658
3    200.9001771      70.84410028
4    201.2384543      70.92624606
5    200.9883714      70.80786227
6    200.7125137      20.77316298
7    200.5204695      21.82574143
8    200.4019974      22.72904682
9      0.3314524819   43.26562656
10     0.3314489711   43.46363769
11     0.3314483223   43.66183116
12     0.331449329     0.573137051
13     0.3314496263    0.5731457496
14     0.3314527107    0.5733154864
15     0.331826558     0.5761847719
;

var x [1,*,*]
:          1              2              3          :=
1    0.06188060047   0.4155978994   0.522521555
2    0.1149707365    0.5084127142   0.3766165495
3    0.1628196839    0.5116226115   0.3255577048
4    0.2029929817    0.4866341258   0.3103728929
5    0.2353484939    0.4593319636   0.3053195429
6    0.2601778619    0.4368141392   0.303008002
7    0.2783654922    0.4200278758   0.3016066469
8    0.2911917404    0.4081521461   0.3006561679
9    0.2911917355    0.4081521272   0.3006561158
10   0.2911917346    0.4081521238   0.3006561062
11   0.2911917359    0.4081521291   0.3006561199
12   0.2911917368    0.4081521316   0.3006561222
13   0.2911917765    0.4081522191   0.3006559949
14   0.2911975346    0.4081621473   0.3006403167
15   0.2922665325    0.4090478368   0.2986856922

 [2,*,*]
:          1               2               3          :=
1    0.008978807127   0.318023988    0.6729971933
2    0.01817377715    0.431784308    0.5500419148
3    0.02836381402    0.4758665476   0.4957696383
4    0.03928349703    0.4848583476   0.4758581554
5    0.05096664575    0.4801879527   0.4688454014
6    0.06726022411    0.6044749134   0.3282648626
7    0.1012046164     0.6945178286   0.204277555
8    0.1774608496     0.6999316959   0.1226074497
9    0.2663049049     0.6347028564   0.09899224299
10   0.3602852795     0.547740402    0.09197434287
11   0.4480468        0.4630561612   0.08889720421
12   0.4480472063     0.4630568231   0.08889597943
13   0.4480543291     0.4630675908   0.08887768943
14   0.4481984086     0.46321078     0.08859076723
15   0.4525825903     0.4633785931   0.08403881849
;

var :   PC   PR    :=
1   50   50
2   40   40
;

var T [*,*] (tr)
:         1             2         :=
1    442.1745687   453.1025701
2    433.4355226   446.0454306
3    429.4292113   442.87959
4    427.1975621   441.3663582
5    425.6959928   440.4123246
6    424.6221297   433.9244757
7    423.8591581   428.0750098
8    423.3294291   422.5428017
9    423.329434    418.6874627
10   423.3294349   415.3663666
11   423.3294335   412.5493961
12   423.3294331   412.5493677
13   423.3294278   412.548767
14   423.3287428   412.5380187
15   423.229882    412.3048715
;

var TF = 422.9689772;

var :       QC             QR         :=
1   854.5716334   1056.478421
2   344.1819278    335.0390529
;

