var V [*] :=
 1   99.46133946
 2   99.52093038
 3   99.60574158
 4   99.72895288
 5   99.86343031
 6   99.98262964
 7  100.0748167
 8  100.0085702
 9  100.0086242
10  100.0086065
11  100.0086038
12  100.0086039
13  100.0086036
14  100.0086037
15    0
;

var y [*,*]
:         1              2              3          :=
1    0.1498014898   0.5244859926   0.3257125178
2    0.2443005084   0.4956086691   0.2600908222
3    0.3317173071   0.4473581249   0.2209245674
4    0.4042363534   0.4000150226   0.1957486234
5    0.4591483218   0.3618571039   0.1789945737
6    0.4979015831   0.3342419814   0.1678564358
7    0.5239015015   0.3155220404   0.1605764592
8    0.5407541401   0.3033372203   0.1559089566
9    0.5407538616   0.3033370729   0.1559088844
10   0.5407539539   0.3033371219   0.1559089085
11   0.5407539657   0.303337126    0.1559089096
12   0.540753965    0.3033371257   0.1559089094
13   0.5407539665   0.3033371265   0.1559089098
14   0.5407539679   0.3033371263   0.1559089083
15   0.5407754269   0.3033282752   0.155896298
;

var L [*] :=
 1    0
 2  199.4613512
 3  199.520942
 4  199.6057532
 5  199.7289644
 6  199.8634417
 7  199.9826397
 8  200.0748213
 9    0.008614027957
10    0.008617835499
11    0.008616670825
12    0.008615622848
13    0.008615632229
14    0.008615617479
15    0.008615627638
;

var x [*,*]
:         1              2              3          :=
1    0.0592246363   0.4966717604   0.4441037202
2    0.1043907523   0.5105412892   0.3850679586
3    0.151540371    0.4961414619   0.3523181672
4    0.1952018488   0.4720636169   0.3327345346
5    0.2314963784   0.4484089507   0.3200946715
6    0.2590498275   0.4293104679   0.3116397057
7    0.2785440443   0.4154639042   0.3059920599
8    0.2916499438   0.4060630212   0.3022870712
9    0.2916499781   0.4060630922   0.3022871392
10   0.2916499712   0.4060630756   0.3022871222
11   0.2916499264   0.4060630066   0.3022870666
12   0.2916499265   0.4060630068   0.3022870668
13   0.2916499265   0.4060630068   0.3022870667
14   0.2916499277   0.4060630073   0.3022870644
15   0.2916679766   0.406061716    0.3022703067
;

var PC = 99.99998828;
var PR = 100;

var T [*] :=
 1  382.1369056
 2  379.8186823
 3  377.8030796
 4  376.1271073
 5  374.8254931
 6  373.880377
 7  373.2309349
 8  372.8024797
 9  372.8024621
10  372.8024675
11  372.8024724
12  372.8024723
13  372.8024724
14  372.8024723
15  372.8018162
;

var TF = 372.3961977;
var QC = 1122.481365;
var QR = 1179.90894;

