set PF :=
549     5165    6073    7387    9013    11090   11937   13636   14729   15667
1061    5166    6074    7389    9014    11092   11941   13637   14730   15668
1093    5167    6075    7390    9015    11093   11945   13638   14731   15669
1097    5189    6077    7391    9252    11094   11946   13639   14738   15670
1098    5193    6078    7397    9253    11095   11947   13641   14745   15671
1099    5194    6079    7401    9282    11097   11949   13642   14746   15673
1101    5195    6083    7402    9284    11098   11950   13643   14747   15674
1102    5197    6085    7403    9285    11099   11951   13645   14789   15675
1103    5198    6087    7405    9286    11101   11952   13646   14791   15677
1125    5199    6089    7406    9287    11102   11953   13647   14793   15678
1129    5221    6090    7407    9289    11103   11954   13650   14794   15679
1130    5225    6091    7410    9290    11106   11955   13652   14795   15682
1131    5226    6093    7411    9291    11108   11956   13653   14797   15684
1133    5227    6094    7412    9293    11109   11957   13654   14798   15685
1134    5229    6095    7413    9294    11110   11958   13655   14799   15686
1135    5230    6098    7414    9295    11111   11959   13657   14802   15687
1573    5231    6099    7415    9314    11113   11961   13658   14804   15689
1605    5257    6100    7417    9316    11114   11962   13659   14805   15690
1609    5258    6101    7418    9317    11115   11963   13661   14806   15691
1610    5259    6102    7419    9318    11117   11965   13662   14807   15693
1611    5266    6103    7421    9319    11118   11966   13663   14809   15694
1613    5273    6105    7422    9321    11119   11967   13666   14810   15695
1614    5274    6106    7423    9322    11122   11971   13667   14811   15698
1615    5275    6107    7442    9323    11124   11973   13668   14813   15700
1637    5281    6109    7449    9325    11125   11975   13669   14814   15701
1641    5285    6110    7450    9326    11126   11977   13670   14815   15702
1642    5289    6111    7451    9327    11127   11978   13671   14853   15703
1643    5290    6115    7460    9474    11129   11979   13673   14869   15705
1645    5291    6117    7461    9490    11130   11981   13674   14871   15706
1646    5293    6119    7462    9504    11131   11982   13675   14885   15707
1647    5294    6121    7463    9506    11133   11983   13677   14897   15709
2117    5295    6122    7469    9508    11134   11986   13678   14899   15710
2121    5296    6123    7470    9509    11135   11987   13679   14901   15711
2122    5297    6125    7471    9510    11137   11988   13682   14903   15714
2123    5298    6126    7472    9511    11141   11989   13683   14917   15715
2125    5299    6127    7473    9520    11145   11990   13684   14919   15716
2126    5300    6130    7474    9522    11146   11991   13685   14921   15717
2127    5301    6131    7475    9524    11147   11993   13686   14922   15718
2185    5302    6132    7476    9525    11149   11994   13687   14923   15719
2186    5303    6133    7477    9526    11150   11995   13689   14925   15721
2187    5305    6134    7478    9527    11151   11997   13690   14926   15722
2194    5306    6135    7479    9538    11152   11998   13691   14927   15723
2201    5307    6137    7481    9540    11153   11999   13693   14933   15725
2202    5309    6138    7482    9541    11154   12003   13694   14935   15726
2203    5310    6139    7483    9542    11155   12005   13695   14937   15727
2245    5311    6141    7485    9543    11156   12007   13705   14938   15730
2249    5317    6142    7486    9545    11157   12009   13706   14939   15731
2250    5321    6143    7487    9546    11158   12010   13707   14941   15732
2251    5322    6213    7490    9547    11159   12011   13714   14942   15733
2253    5323    6217    7492    9549    11161   12013   13721   14943   15734
2254    5325    6218    7493    9550    11162   12014   13722   14947   15735
2255    5326    6219    7494    9551    11163   12015   13723   14949   15737
2258    5327    6221    7495    9554    11165   12018   13729   14951   15738
2260    5330    6222    7497    9556    11166   12019   13731   14953   15739
2261    5332    6223    7498    9557    11167   12020   13733   14954   15741
2262    5333    6281    7499    9558    11169   12021   13735   14955   15742
2263    5334    6282    7501    9559    11173   12022   13737   14957   15743
2265    5335    6283    7502    9561    11177   12023   13738   14958   15753
2266    5337    6290    7503    9562    11178   12025   13739   14959   15754
2267    5338    6297    7506    9563    11179   12026   13741   14963   15755
2269    5339    6298    7508    9565    11181   12027   13742   14965   15762
2270    5341    6299    7509    9566    11182   12029   13743   14967   15769
2271    5342    6341    7510    9567    11183   12030   13744   14969   15770
2565    5343    6345    7511    9570    11184   12031   13745   14970   15771
2597    5349    6346    7513    9572    11185   12038   13746   14971   15777
2629    5353    6347    7514    9573    11186   12039   13747   14973   15779
2633    5354    6349    7515    9574    11187   12050   13748   14974   15781
2634    5355    6350    7517    9575    11188   12054   13749   14975   15783
2635    5357    6351    7518    9577    11189   12055   13750   14977   15785
2637    5358    6354    7519    9578    11190   12068   13751   14981   15786
2638    5359    6356    7522    9579    11191   12069   13753   14985   15787
2639    5362    6357    7523    9581    11193   12070   13754   14986   15789
2661    5363    6358    7524    9582    11194   12071   13755   14987   15790
2665    5364    6359    7525    9583    11195   12080   13757   14989   15791
2666    5365    6361    7526    9586    11197   12082   13758   14990   15792
2667    5366    6362    7527    9588    11198   12084   13759   14991   15793
2669    5367    6363    7529    9589    11199   12085   13765   14992   15794
2670    5369    6365    7530    9590    11203   12086   13767   14993   15795
2671    5370    6366    7531    9591    11205   12087   13769   14994   15796
2689    5371    6367    7533    9593    11207   12098   13770   14995   15797
2693    5373    6418    7534    9594    11209   12100   13771   14996   15798
2697    5374    6466    7535    9595    11210   12101   13773   14997   15799
2698    5375    6468    7538    9597    11211   12102   13774   14998   15801
2699    5378    6469    7539    9598    11213   12103   13775   14999   15802
2701    5385    6470    7540    9599    11214   12105   13778   15001   15803
2702    5386    6471    7541    9764    11215   12106   13780   15002   15805
2703    5387    6473    7542    9765    11218   12107   13781   15003   15806
2704    5394    6474    7543    9794    11219   12109   13782   15005   15807
2705    5401    6475    7545    9796    11220   12110   13783   15006   15813
2706    5402    6477    7546    9797    11221   12111   13785   15007   15815
2707    5403    6478    7547    9798    11222   12114   13786   15009   15817
2708    5408    6479    7549    9799    11223   12116   13787   15013   15818
2709    5409    6482    7550    9801    11225   12117   13789   15017   15819
2710    5410    6484    7551    9802    11226   12118   13790   15018   15821
2711    5411    6485    7561    9803    11227   12119   13791   15019   15822
2713    5412    6486    7562    9805    11229   12121   13795   15021   15823
2714    5413    6487    7563    9806    11230   12122   13797   15022   15826
2715    5414    6489    7570    9807    11231   12123   13799   15023   15828
2717    5415    6490    7577    9826    11235   12125   13801   15024   15829
2718    5417    6491    7578    9828    11237   12126   13802   15025   15830
2719    5418    6493    7579    9829    11239   12127   13803   15026   15831
2721    5419    6494    7585    9830    11241   12130   13805   15027   15833
2725    5421    6495    7587    9831    11242   12132   13806   15028   15834
2729    5422    6537    7589    9833    11243   12133   13807   15029   15835
2730    5423    6538    7591    9834    11245   12134   13810   15030   15837
2731    5424    6539    7593    9835    11246   12135   13811   15031   15838
2733    5425    6546    7594    9837    11247   12137   13812   15033   15839
2734    5426    6553    7595    9838    11250   12138   13813   15034   15843
2735    5427    6554    7597    9839    11251   12139   13814   15035   15845
2736    5428    6555    7598    9986    11252   12141   13815   15037   15847
2737    5429    6597    7599    10002   11253   12142   13817   15038   15849
2738    5430    6599    7600    10016   11254   12143   13818   15039   15850
2739    5431    6601    7601    10018   11255   12146   13819   15043   15851
2740    5433    6602    7602    10020   11257   12148   13821   15045   15853
2741    5434    6603    7603    10021   11258   12149   13822   15047   15854
2742    5435    6605    7604    10022   11259   12150   13823   15049   15855
2743    5437    6606    7605    10023   11261   12151   13833   15050   15858
2745    5438    6607    7606    10032   11262   12153   13834   15051   15859
2746    5439    6610    7607    10034   11263   12154   13835   15053   15860
2747    5442    6612    7609    10036   11282   12155   13857   15054   15861
2749    5444    6613    7610    10037   11300   12157   13861   15055   15862
2750    5445    6614    7611    10038   11301   12158   13865   15058   15863
2751    5446    6615    7613    10039   11312   12159   13866   15059   15865
2757    5447    6617    7614    10050   11314   12163   13867   15060   15866
2761    5449    6618    7615    10052   11316   12167   13869   15061   15867
2762    5450    6619    7621    10053   11317   12169   13870   15062   15869
2763    5451    6621    7623    10054   11318   12170   13871   15063   15870
2765    5453    6622    7625    10055   11319   12171   13893   15065   15871
2766    5454    6623    7626    10057   11330   12173   13895   15066   15885
2767    5455    6661    7627    10058   11332   12174   13897   15067   15886
2770    5458    6693    7629    10059   11333   12175   13898   15069   15887
2771    5460    6725    7630    10061   11334   12178   13899   15070   15895
2772    5461    6729    7631    10062   11335   12179   13901   15071   15897
2773    5462    6730    7634    10063   11337   12182   13902   15075   15898
2774    5463    6731    7636    10066   11338   12183   13903   15077   15899
2775    5465    6733    7637    10068   11339   12185   13923   15079   15901
2777    5466    6734    7638    10069   11341   12186   13925   15081   15902
2778    5467    6735    7639    10070   11342   12187   13927   15082   15903
2779    5469    6757    7641    10071   11343   12189   13929   15083   15909
2781    5470    6761    7642    10073   11346   12190   13930   15085   15917
2782    5471    6762    7643    10074   11348   12191   13931   15086   15918
2783    5474    6763    7645    10075   11349   12193   13933   15087   15919
2789    5475    6765    7646    10077   11350   12195   13934   15090   15921
2793    5476    6766    7647    10078   11351   12197   13935   15091   15923
2794    5477    6767    7651    10079   11353   12199   13961   15092   15925
2795    5478    6785    7653    10082   11354   12201   13962   15093   15927
2797    5479    6789    7655    10084   11355   12202   13963   15094   15929
2798    5481    6793    7657    10085   11357   12203   13970   15095   15930
2799    5482    6794    7658    10086   11358   12205   13971   15097   15931
2802    5483    6795    7659    10087   11359   12206   13977   15098   15933
2803    5485    6797    7661    10089   11362   12207   13978   15099   15934
2804    5486    6798    7662    10090   11364   12208   13979   15101   15935
2805    5487    6799    7663    10091   11365   12209   13985   15102   15941
2806    5490    6800    7666    10093   11366   12210   13989   15103   15943
2807    5491    6801    7667    10094   11367   12211   13993   15108   15945
2809    5492    6802    7668    10095   11369   12212   13994   15109   15946
2810    5493    6803    7669    10098   11370   12213   13995   15120   15947
2811    5494    6804    7670    10100   11371   12214   13997   15122   15949
2813    5495    6805    7671    10101   11373   12215   13998   15124   15950
2814    5497    6806    7673    10102   11374   12217   13999   15125   15951
2815    5498    6807    7674    10103   11375   12218   14000   15126   15957
3109    5499    6809    7675    10105   11378   12219   14001   15127   15959
3141    5501    6810    7677    10106   11380   12221   14002   15140   15961
3145    5502    6811    7678    10107   11381   12222   14003   15141   15962
3146    5503    6813    7679    10109   11382   12223   14004   15152   15963
3147    5513    6814    7693    10110   11383   12227   14005   15153   15965
3149    5514    6815    7694    10111   11385   12229   14006   15154   15966
3150    5515    6817    7695    10258   11386   12231   14007   15155   15967
3151    5522    6821    7717    10306   11387   12233   14009   15156   15971
3173    5529    6825    7725    10308   11389   12234   14010   15157   15973
3177    5530    6826    7726    10309   11390   12235   14011   15158   15975
3178    5531    6827    7727    10310   11391   12237   14013   15159   15977
3179    5537    6829    7749    10311   11401   12238   14014   15170   15978
3181    5539    6830    7753    10313   11402   12239   14015   15172   15979
3182    5541    6831    7754    10314   11403   12242   14019   15173   15981
3183    5543    6832    7755    10315   11410   12243   14021   15174   15982
3209    5545    6833    7757    10317   11417   12244   14023   15175   15983
3210    5546    6834    7758    10318   11418   12245   14025   15177   15987
3211    5547    6835    7759    10319   11419   12246   14026   15178   15989
3218    5549    6836    7781    10322   11425   12247   14027   15179   15991
3225    5550    6837    7785    10324   11429   12249   14029   15181   15993
3226    5551    6838    7786    10325   11433   12250   14030   15182   15994
3227    5552    6839    7787    10326   11434   12251   14031   15183   15995
3233    5553    6841    7789    10327   11435   12253   14034   15186   15997
3237    5554    6842    7790    10329   11437   12254   14035   15188   15998
3241    5555    6843    7791    10330   11438   12255   14036   15189   15999
3242    5556    6845    7817    10331   11439   12259   14037   15190   16009
3243    5557    6846    7818    10333   11440   12261   14038   15191   16010
3245    5558    6847    7819    10334   11441   12263   14039   15193   16011
3246    5559    6853    7821    10335   11442   12265   14041   15194   16013
3247    5561    6857    7822    10377   11443   12266   14042   15195   16014
3248    5562    6858    7823    10378   11444   12267   14043   15197   16015
3249    5563    6859    7826    10379   11445   12269   14045   15198   16018
3250    5565    6861    7827    10386   11446   12270   14046   15199   16019
3251    5566    6862    7830    10393   11447   12271   14047   15202   16022
3252    5567    6863    7831    10394   11449   12274   14051   15203   16023
3253    5573    6866    7833    10395   11450   12275   14053   15204   16025
3254    5575    6867    7834    10437   11451   12276   14055   15205   16026
3255    5577    6868    7835    10439   11453   12277   14057   15206   16027
3257    5578    6869    7837    10441   11454   12278   14058   15207   16029
3258    5579    6870    7838    10442   11455   12279   14059   15209   16030
3259    5581    6871    7839    10443   11461   12281   14061   15210   16031
3261    5582    6873    7841    10445   11463   12282   14062   15211   16033
3262    5583    6874    7845    10446   11465   12283   14063   15213   16037
3263    5586    6875    7849    10447   11466   12285   14066   15214   16041
3269    5588    6877    7850    10450   11467   12286   14067   15215   16042
3273    5589    6878    7851    10452   11469   12287   14068   15218   16043
3274    5590    6879    7853    10453   11470   12425   14069   15219   16045
3275    5591    6885    7854    10454   11471   12426   14070   15220   16046
3277    5593    6889    7855    10455   11474   12427   14071   15221   16047
3278    5594    6890    7856    10457   11476   12434   14073   15222   16048
3279    5595    6891    7857    10458   11477   12441   14074   15223   16049
3282    5597    6893    7858    10459   11478   12442   14075   15225   16050
3284    5598    6894    7859    10461   11479   12443   14077   15226   16051
3285    5599    6895    7860    10462   11481   12562   14078   15227   16052
3286    5603    6898    7861    10463   11482   12681   14079   15229   16053
3287    5605    6899    7862    10514   11483   12682   14082   15230   16054
3289    5607    6900    7863    10562   11485   12683   14089   15231   16055
3290    5609    6901    7865    10564   11486   12690   14090   15233   16057
3291    5610    6902    7866    10565   11487   12697   14091   15237   16058
3293    5611    6903    7867    10566   11491   12698   14098   15241   16059
3294    5613    6905    7869    10567   11493   12699   14105   15242   16061
3295    5614    6906    7870    10569   11495   12833   14106   15243   16062
3301    5615    6907    7871    10570   11497   12837   14107   15245   16063
3305    5618    6909    7877    10571   11498   12929   14112   15246   16067
3306    5619    6910    7881    10573   11499   12937   14113   15247   16069
3307    5620    6911    7882    10574   11501   12938   14114   15248   16071
3309    5621    6916    7883    10575   11502   12939   14115   15249   16073
3310    5622    6917    7885    10578   11503   12944   14116   15250   16074
3311    5623    6928    7886    10580   11506   12945   14117   15251   16075
3314    5625    6930    7887    10581   11507   12946   14118   15252   16077
3315    5626    6932    7890    10582   11508   12947   14119   15253   16078
3316    5627    6933    7891    10583   11509   12953   14121   15254   16079
3317    5629    6934    7892    10585   11510   12954   14122   15255   16082
3318    5630    6935    7893    10586   11511   12955   14123   15257   16083
3319    5631    6948    7894    10587   11513   12961   14125   15258   16084
3321    5641    6949    7895    10589   11514   12965   14126   15259   16085
3322    5642    6960    7897    10590   11515   12969   14127   15261   16086
3323    5643    6961    7898    10591   11517   12970   14128   15262   16087
3325    5665    6962    7899    10633   11518   12971   14129   15263   16089
3326    5669    6963    7901    10634   11519   12973   14130   15265   16090
3327    5673    6964    7902    10635   11538   12974   14131   15269   16091
3621    5674    6965    7903    10642   11556   12975   14132   15273   16093
3653    5675    6966    7909    10649   11557   12976   14133   15274   16094
3657    5677    6967    7913    10650   11558   12977   14134   15275   16095
3658    5678    6978    7914    10651   11559   12978   14135   15277   16099
3659    5679    6980    7915    10693   11568   12979   14137   15278   16101
3661    5701    6981    7917    10695   11570   12980   14138   15279   16103
3662    5705    6982    7918    10697   11572   12981   14139   15280   16105
3663    5706    6983    7919    10698   11573   12982   14141   15281   16106
3685    5707    6985    7922    10699   11574   12983   14142   15282   16107
3689    5709    6986    7923    10701   11575   12985   14143   15283   16109
3690    5710    6987    7924    10702   11586   12986   14146   15284   16110
3691    5711    6989    7925    10703   11588   12987   14148   15285   16111
3693    5733    6990    7926    10706   11589   12989   14149   15286   16114
3694    5737    6991    7927    10708   11590   12990   14150   15287   16115
3695    5738    6994    7929    10709   11591   12991   14151   15289   16116
3721    5739    6996    7930    10710   11593   13072   14153   15290   16117
3722    5741    6997    7931    10711   11594   13074   14154   15291   16118
3723    5742    6998    7933    10713   11595   13088   14155   15293   16119
3725    5743    6999    7934    10714   11597   13089   14157   15294   16121
3726    5769    7001    7935    10715   11598   13092   14158   15295   16122
3727    5770    7002    7942    10717   11599   13093   14159   15299   16123
3730    5771    7003    7943    10718   11602   13104   14162   15301   16125
3731    5778    7005    7949    10719   11604   13105   14164   15303   16126
3734    5779    7006    7950    10756   11605   13106   14165   15305   16127
3735    5785    7007    7951    10757   11606   13107   14166   15306   16134
3737    5786    7010    7954    10768   11607   13108   14167   15307   16135
3738    5787    7011    7958    10770   11609   13109   14169   15309   16141
3739    5793    7012    7959    10772   11610   13110   14170   15310   16142
3741    5797    7013    7961    10773   11611   13111   14171   15311   16143
3742    5801    7014    7962    10774   11613   13185   14173   15314   16146
3743    5802    7015    7963    10775   11614   13193   14174   15315   16150
3745    5803    7017    7965    10788   11615   13194   14175   15316   16151
3749    5805    7018    7966    10789   11618   13195   14178   15317   16153
3753    5806    7019    7967    10800   11620   13200   14179   15318   16154
3754    5807    7021    7972    10802   11621   13201   14180   15319   16155
3755    5808    7022    7973    10804   11622   13202   14181   15321   16157
3757    5809    7023    7974    10805   11623   13203   14182   15322   16158
3758    5810    7026    7975    10806   11625   13209   14183   15323   16159
3759    5811    7027    7981    10807   11626   13210   14185   15325   16164
3760    5812    7028    7982    10818   11627   13211   14186   15326   16165
3761    5813    7029    7983    10820   11629   13217   14187   15327   16166
3762    5814    7030    7984    10821   11630   13221   14189   15331   16167
3763    5815    7031    7985    10822   11631   13225   14190   15333   16173
3764    5817    7033    7986    10823   11634   13226   14191   15335   16174
3765    5818    7034    7987    10825   11636   13227   14194   15337   16175
3766    5819    7035    7988    10826   11637   13229   14195   15338   16176
3767    5821    7037    7989    10827   11638   13230   14196   15339   16177
3769    5822    7038    7990    10829   11639   13231   14197   15341   16178
3770    5823    7039    7991    10830   11641   13232   14198   15342   16179
3771    5829    7041    7993    10831   11642   13233   14199   15343   16180
3773    5833    7045    7994    10834   11643   13234   14201   15346   16181
3774    5834    7049    7995    10836   11645   13235   14202   15347   16182
3775    5835    7050    7997    10837   11646   13236   14203   15348   16183
3781    5837    7051    7998    10838   11647   13237   14205   15349   16185
3785    5838    7053    7999    10839   11657   13238   14206   15350   16186
3786    5839    7054    8002    10841   11658   13239   14207   15351   16187
3787    5842    7055    8004    10842   11659   13241   14211   15353   16189
3789    5843    7056    8005    10843   11666   13242   14217   15354   16190
3790    5844    7057    8006    10845   11673   13243   14218   15355   16191
3791    5845    7058    8007    10846   11674   13245   14219   15357   16194
3794    5846    7059    8009    10847   11675   13246   14226   15358   16196
3795    5847    7060    8010    10850   11681   13247   14227   15359   16197
3796    5849    7061    8011    10852   11683   13321   14233   15385   16198
3797    5850    7062    8013    10853   11685   13322   14234   15386   16199
3798    5851    7063    8014    10854   11687   13323   14235   15387   16201
3799    5853    7065    8015    10855   11689   13345   14241   15397   16202
3801    5854    7066    8018    10857   11690   13349   14243   15405   16203
3802    5855    7067    8020    10858   11691   13353   14245   15406   16205
3803    5861    7069    8021    10859   11693   13354   14247   15407   16206
3805    5865    7070    8022    10861   11694   13355   14249   15409   16207
3806    5866    7071    8023    10862   11695   13357   14250   15411   16210
3807    5867    7073    8025    10863   11696   13358   14251   15413   16212
3813    5869    7077    8026    10866   11697   13359   14253   15415   16213
3817    5870    7081    8027    10868   11698   13381   14254   15417   16214
3818    5871    7082    8029    10869   11699   13383   14255   15418   16215
3819    5874    7083    8030    10870   11700   13385   14256   15419   16217
3821    5875    7085    8031    10871   11701   13386   14257   15421   16218
3822    5876    7086    8034    10873   11702   13387   14258   15422   16219
3823    5877    7087    8035    10874   11703   13389   14259   15423   16221
3826    5878    7088    8036    10875   11705   13390   14260   15429   16222
3827    5879    7089    8037    10877   11706   13391   14261   15431   16223
3828    5881    7090    8038    10878   11707   13411   14262   15433   16226
3829    5882    7091    8039    10879   11709   13413   14263   15434   16227
3830    5883    7092    8041    10881   11710   13415   14265   15435   16228
3831    5885    7093    8042    10885   11711   13417   14266   15437   16229
3833    5886    7094    8043    10889   11717   13418   14267   15438   16230
3834    5887    7095    8045    10890   11719   13419   14269   15439   16231
3835    5890    7097    8046    10891   11721   13421   14270   15445   16233
3837    5897    7098    8047    10893   11722   13422   14271   15447   16234
3838    5898    7099    8050    10894   11723   13423   14275   15449   16235
3839    5899    7101    8051    10895   11725   13449   14277   15450   16237
4233    5906    7102    8052    10896   11726   13450   14279   15451   16238
4234    5913    7103    8053    10897   11727   13451   14281   15453   16239
4235    5914    7107    8054    10898   11730   13458   14282   15454   16242
4242    5915    7109    8055    10899   11732   13465   14283   15455   16243
4249    5920    7111    8057    10900   11733   13466   14285   15459   16244
4250    5921    7113    8058    10901   11734   13467   14286   15461   16245
4251    5922    7114    8059    10902   11735   13473   14287   15463   16246
4370    5923    7115    8061    10903   11737   13477   14290   15465   16247
4489    5924    7117    8062    10905   11738   13481   14291   15466   16249
4490    5925    7118    8063    10906   11739   13482   14292   15467   16250
4491    5926    7119    8067    10907   11741   13483   14293   15469   16251
4498    5927    7122    8071    10909   11742   13485   14294   15470   16253
4505    5929    7123    8073    10910   11743   13486   14295   15471   16254
4506    5930    7124    8074    10911   11747   13487   14297   15475   16255
4507    5931    7125    8075    10913   11749   13488   14298   15477   16259
4641    5933    7126    8077    10917   11751   13489   14299   15479   16263
4645    5934    7127    8078    10921   11753   13490   14301   15481   16265
4737    5935    7129    8079    10922   11754   13491   14302   15482   16266
4745    5936    7130    8082    10923   11755   13492   14303   15483   16267
4746    5937    7131    8083    10925   11757   13493   14307   15485   16269
4747    5938    7133    8086    10926   11758   13494   14309   15486   16270
4752    5939    7134    8087    10927   11759   13495   14311   15487   16271
4753    5940    7135    8089    10928   11762   13497   14313   15497   16274
4754    5941    7139    8090    10929   11763   13498   14314   15498   16275
4755    5942    7141    8091    10930   11764   13499   14315   15499   16278
4761    5943    7143    8093    10931   11765   13501   14317   15506   16279
4762    5945    7145    8094    10932   11766   13502   14318   15513   16281
4763    5946    7146    8095    10933   11767   13503   14319   15514   16282
4769    5947    7147    8097    10934   11769   13509   14322   15515   16283
4773    5949    7149    8099    10935   11770   13511   14323   15521   16285
4777    5950    7150    8101    10937   11771   13513   14324   15525   16286
4778    5951    7151    8103    10938   11773   13514   14325   15529   16287
4779    5954    7154    8105    10939   11774   13515   14326   15530   16289
4781    5956    7155    8106    10941   11775   13517   14327   15531   16291
4782    5957    7156    8107    10942   11794   13518   14329   15533   16293
4783    5958    7157    8109    10943   11798   13519   14330   15534   16295
4784    5959    7158    8110    10947   11799   13522   14331   15535   16297
4785    5961    7159    8111    10949   11812   13524   14333   15536   16298
4786    5962    7161    8112    10951   11813   13525   14334   15537   16299
4787    5963    7162    8113    10953   11824   13526   14335   15538   16301
4788    5965    7163    8114    10954   11826   13527   14405   15539   16302
4789    5966    7165    8115    10955   11828   13529   14407   15540   16303
4790    5967    7166    8116    10957   11829   13530   14409   15541   16304
4791    5970    7167    8117    10958   11830   13531   14410   15542   16305
4793    5972    7205    8118    10959   11831   13533   14411   15543   16306
4794    5973    7213    8119    10962   11842   13534   14413   15545   16307
4795    5974    7214    8121    10963   11844   13535   14414   15546   16308
4797    5975    7215    8122    10964   11845   13539   14415   15547   16309
4798    5977    7237    8123    10965   11846   13541   14421   15549   16310
4799    5978    7241    8125    10966   11847   13543   14423   15550   16311
4880    5979    7242    8126    10967   11849   13545   14425   15551   16313
4882    5981    7243    8127    10969   11850   13546   14426   15557   16314
4896    5982    7245    8131    10970   11851   13547   14427   15559   16315
4897    5983    7246    8133    10971   11853   13549   14429   15561   16317
4900    5986    7247    8135    10973   11854   13550   14430   15562   16318
4901    5987    7269    8137    10974   11855   13551   14431   15563   16319
4912    5988    7273    8138    10975   11858   13554   14473   15565   16323
4913    5989    7274    8139    10979   11860   13555   14474   15566   16325
4914    5990    7275    8141    10981   11861   13556   14475   15567   16327
4915    5991    7277    8142    10983   11862   13557   14482   15570   16329
4916    5993    7278    8143    10985   11863   13558   14489   15572   16330
4917    5994    7279    8146    10986   11865   13559   14490   15573   16331
4918    5995    7305    8147    10987   11866   13561   14491   15574   16333
4919    5997    7306    8148    10989   11867   13562   14533   15575   16334
4993    5998    7307    8149    10990   11869   13563   14535   15577   16335
5001    5999    7314    8150    10991   11870   13565   14537   15578   16338
5002    6002    7321    8151    10994   11871   13566   14538   15579   16339
5003    6003    7322    8153    10995   11874   13567   14539   15581   16340
5008    6004    7323    8154    10996   11876   13570   14541   15582   16341
5009    6005    7329    8155    10997   11877   13577   14542   15583   16342
5010    6006    7333    8157    10998   11878   13578   14543   15587   16343
5011    6007    7337    8158    10999   11879   13579   14546   15589   16345
5017    6009    7338    8159    11001   11881   13586   14548   15591   16346
5018    6010    7339    8163    11002   11882   13593   14549   15593   16347
5019    6011    7341    8165    11003   11883   13594   14550   15594   16349
5025    6013    7342    8167    11005   11885   13595   14551   15595   16350
5029    6014    7343    8169    11006   11886   13600   14553   15597   16351
5033    6015    7344    8170    11007   11887   13601   14554   15598   16355
5034    6019    7345    8171    11012   11890   13602   14555   15599   16357
5035    6025    7346    8173    11013   11892   13603   14557   15602   16359
5037    6026    7347    8174    11024   11893   13604   14558   15603   16361
5038    6027    7348    8175    11026   11894   13605   14559   15604   16362
5039    6034    7349    8178    11028   11895   13606   14610   15605   16363
5040    6035    7350    8179    11029   11897   13607   14658   15606   16365
5041    6041    7351    8180    11030   11898   13609   14660   15607   16366
5042    6042    7353    8181    11031   11899   13610   14661   15609   16367
5043    6043    7354    8182    11044   11901   13611   14662   15610   16370
5044    6049    7355    8183    11045   11902   13613   14663   15611   16371
5045    6051    7357    8185    11056   11903   13614   14665   15613   16372
5046    6053    7358    8186    11058   11913   13615   14666   15614   16373
5047    6055    7359    8187    11060   11914   13616   14667   15615   16374
5049    6057    7365    8189    11061   11915   13617   14669   15634   16375
5050    6058    7369    8190    11062   11917   13618   14670   15641   16377
5051    6059    7370    8191    11063   11918   13619   14671   15642   16378
5053    6061    7371    8466    11074   11919   13620   14674   15643   16379
5054    6062    7373    8740    11076   11922   13621   14676   15652   16381
5055    6063    7374    8741    11077   11923   13622   14677   15653   16382
5129    6064    7375    8976    11078   11926   13623   14678   15654   16383
5130    6065    7378    8978    11079   11927   13625   14679   15655
5131    6066    7380    8992    11081   11929   13626   14681   15661
5153    6067    7381    8996    11082   11930   13627   14682   15662
5157    6068    7382    8997    11083   11931   13629   14683   15663
5161    6069    7383    9008    11085   11933   13630   14685   15664
5162    6070    7385    9010    11086   11934   13631   14686   15665
5163    6071    7386    9012    11087   11935   13634   14687   15666;

