X :=
1 1   1
1 2   0
1 3   0
1 4   1
2 2   0
2 3   0
2 4   1
3 3   0
3 4   1
4 4   1
;

X :=
1 1   1
1 2   0
1 3   0
1 4   1
2 2   0
2 3   0
2 4   1
3 3   0
3 4   1
4 4   1
;

X :=
1 1   1
1 2   0
1 3   0
1 4   1
2 2   0
2 3   0
2 4   1
3 3   0
3 4   1
4 4   1
;

X :=
1 1   1
1 2   0
1 3   0
1 4   1
2 2   0
2 3   0
2 4   1
3 3   0
3 4   1
4 4   1
;

X :=
1 1   1
1 2   0
1 3   0
1 4   1
2 2   0
2 3   0
2 4   1
3 3   0
3 4   1
4 4   1
;

X :=
1 1   1
1 2   0
1 3   0
1 4   1
2 2   0
2 3   0
2 4   1
3 3   0
3 4   1
4 4   1
;

X :=
1 1   1
1 2   0
1 3   0
1 4   1
2 2   0
2 3   0
2 4   1
3 3   0
3 4   1
4 4   1
;

X :=
1 1   1
1 2   0
1 3   0
1 4   1
2 2   0
2 3   0
2 4   1
3 3   0
3 4   1
4 4   1
;

X :=
1 1   1
1 2   0
1 3   0
1 4   1
2 2   0
2 3   0
2 4   1
3 3   0
3 4   1
4 4   1
;

X :=
1 1   1
1 2   0
1 3   0
1 4   1
2 2   0
2 3   0
2 4   1
3 3   0
3 4   1
4 4   1
;

X :=
1 1   1
1 2   0
1 3   0
1 4   1
2 2   0
2 3   0
2 4   1
3 3   0
3 4   1
4 4   1
;

X :=
1 1   1
1 2   0
1 3   0
1 4   1
2 2   0
2 3   0
2 4   1
3 3   0
3 4   1
4 4   1
;

X :=
1 1   1
1 2   0
1 3   0
1 4   1
2 2   0
2 3   0
2 4   1
3 3   0
3 4   1
4 4   1
;

X :=
1 1   1
1 2   0
1 3   0
1 4   1
2 2   0
2 3   0
2 4   1
3 3   0
3 4   1
4 4   1
;

X :=
1 1   1
1 2   0
1 3   0
1 4   1
2 2   0
2 3   0
2 4   1
3 3   0
3 4   1
4 4   1
;

X :=
1 1   1
1 2   0
1 3   0
1 4   1
2 2   0
2 3   0
2 4   1
3 3   0
3 4   1
4 4   1
;

X :=
1 1   1
1 2   0
1 3   0
1 4   1
2 2   0
2 3   0
2 4   1
3 3   0
3 4   1
4 4   1
;

X :=
1 1   1
1 2   0
1 3   0
1 4   1
2 2   0
2 3   0
2 4   1
3 3   0
3 4   1
4 4   1
;

X :=
1 1   1
1 2   0
1 3   0
1 4   1
2 2   0
2 3   0
2 4   1
3 3   0
3 4   1
4 4   1
;

X :=
1 1   1
1 2   0
1 3   0
1 4   1
2 2   0
2 3   0
2 4   1
3 3   0
3 4   1
4 4   1
;

X :=
1 1   1
1 2   0
1 3   0
1 4   1
2 2   0
2 3   0
2 4   1
3 3   0
3 4   1
4 4   1
;

X :=
1 1   1
1 2   0
1 3   0
1 4   1
2 2   0
2 3   0
2 4   1
3 3   0
3 4   1
4 4   1
;

X :=
1 1   1
1 2   0
1 3   0
1 4   1
2 2   0
2 3   0
2 4   1
3 3   0
3 4   1
4 4   1
;

X :=
1 1   1
1 2   0
1 3   0
1 4   1
2 2   0
2 3   0
2 4   1
3 3   0
3 4   1
4 4   1
;

X :=
1 1   1
1 2   0
1 3   0
1 4   1
2 2   0
2 3   0
2 4   1
3 3   0
3 4   1
4 4   1
;

X :=
1 1   1
1 2   0
1 3   0
1 4   1
2 2   0
2 3   0
2 4   1
3 3   0
3 4   1
4 4   1
;

X :=
1 1   1
1 2   0
1 3   0
1 4   1
2 2   0
2 3   0
2 4   1
3 3   0
3 4   1
4 4   1
;

X :=
1 1   1
1 2   0
1 3   0
1 4   1
2 2   0
2 3   0
2 4   1
3 3   0
3 4   1
4 4   1
;

X :=
1 1   1
1 2   0
1 3   0
1 4   1
2 2   0
2 3   0
2 4   1
3 3   0
3 4   1
4 4   1
;

X :=
1 1   1
1 2   0
1 3   0
1 4   1
2 2   0
2 3   0
2 4   1
3 3   0
3 4   1
4 4   1
;

X :=
1 1   1
1 2   0
1 3   0
1 4   1
2 2   0
2 3   0
2 4   1
3 3   0
3 4   1
4 4   1
;

X :=
1 1   1
1 2   0
1 3   0
1 4   1
2 2   0
2 3   0
2 4   1
3 3   0
3 4   1
4 4   1
;

