var V [*] :=
 1  112.4220085
 2  113.2919619
 3  113.7789381
 4  114.0661391
 5  114.2523913
 6  114.3802654
 7  114.4695077
 8  114.7817591
 9  114.7818045
10  114.7819924
11  114.7827877
12  114.7861873
13  114.8011068
14  114.8712563
15    0
;

var y [*,*]
:         1              2              3          :=
1    0.1836349754   0.5259611114   0.2904038922
2    0.2697456341   0.5312438612   0.1990104992
3    0.3380369353   0.5004463001   0.1615167605
4    0.3899603936   0.4647943922   0.1452452091
5    0.4281775618   0.4346374203   0.1371850146
6    0.4555511635   0.4118410438   0.1326077919
7    0.4747348147   0.3955076834   0.1297574968
8    0.4879587229   0.384142372    0.1278989094
9    0.4879596521   0.384144812    0.1278955342
10   0.4879636939   0.3841549515   0.1278813541
11   0.4879819314   0.3841963926   0.1278216757
12   0.4880711851   0.3843591595   0.1275696552
13   0.4885717964   0.3849301875   0.126498016
14   0.4919012178   0.38620512     0.1218936623
15   0.516906012    0.3808309064   0.1022630814
;

var L [*] :=
 1    0
 2  212.4220041
 3  213.2919604
 4  213.7789369
 5  214.066138
 6  214.2523906
 7  214.3802655
 8  214.4695066
 9   14.78175958
10   14.78180445
11   14.78199244
12   14.78278775
13   14.78618744
14   14.80110695
15   14.8712564
;

var x [*,*]
:          1              2              3          :=
1    0.08309398861   0.419169094    0.4977369187
2    0.1363042013    0.4756876028   0.3880082058
3    0.1822357059    0.4786986276   0.3390656715
4    0.2187815277    0.462427026    0.3187914504
5    0.2466091828    0.4434807489   0.3099100714
6    0.2671135152    0.4274177467   0.3054687401
7    0.2818144744    0.4152592921   0.3029262332
8    0.2921257216    0.4065402145   0.3013340669
9    0.2921275648    0.4065447395   0.3013277042
10   0.2921353941    0.4065636331   0.3013009739
11   0.2921692642    0.4066420777   0.3011886589
12   0.2923214045    0.4069626421   0.3007159542
13   0.2930592735    0.4082209775   0.2987197497
14   0.2971387125    0.412625961    0.2902353272
15   0.3237594446    0.4223433815   0.2538971746
;

var PC = 99.99999988;
var PR = 100;

var T [*] :=
 1  376.646824
 2  373.4305379
 3  371.6245138
 4  370.5481303
 5  369.8544087
 6  369.3863621
 7  369.0658118
 8  368.8464226
 9  368.8462976
10  368.8457724
11  368.8435464
12  368.8339976
13  368.7919038
14  368.5959942
15  367.6072375
;

var TF = 368.9317527;
var QC = 1297.751108;
var QR = 1335.861116;

