var Vs [*] :=
1  50.00153119
2  20.01342983
;

var y [1,*,*]
:          1              2               3          :=
1    0.01791014257   0.6817561538   0.3003333663
2    0.03757352373   0.7423489174   0.2200774277
3    0.06659717973   0.7445324906   0.1888702795
4    0.107842631     0.7181736305   0.1739837231
5    0.1629463537    0.6738605386   0.1631931053
6    0.2304548868    0.6169504096   0.1525947067
7    0.3047578063    0.5536047721   0.1416374248
8    0.3774351069    0.4914655276   0.1310993682
9    0.4407482092    0.4372896699   0.1219621224
10   0.4905700286    0.3946482111   0.1147817612
11   0.5267283716    0.3636988627   0.1095727663
12   0.551457789     0.3425315127   0.1060106985
13   0.5676915891    0.3286359581   0.103672453
14   0.5780635327    0.3197579237   0.1021785439
15   0.5845760066    0.3141834619   0.101240532
16   0.5886205918    0.3107214315   0.1006579778
17   0.5911154303    0.3085859345   0.1002986377
18   0.5926478809    0.3072742117   0.1000779125
19   0.5935867775    0.3064705546   0.0999426779
20   0.594161144     0.3059789278   0.09985994631
21   0.5945122313    0.3056784291   0.09980937142
22   0.5947268095    0.3054947953   0.09977844896
23   0.5948580777    0.3053825217   0.09975948754
24   0.5949386761    0.3053137991   0.0997476492
25   0.5949888099    0.3052718458   0.09973931369
26   0.5949888064    0.3052718432   0.09973930931
27   0.5949888028    0.3052718406   0.09973930487
28   0.5949887992    0.3052718379   0.0997393004
29   0.5949887955    0.3052718351   0.09973929587
30   0.5949887916    0.3052718322   0.09973929127
31   0.5949887877    0.3052718292   0.09973928657
32   0.5949887836    0.3052718261   0.09973928176
33   0.5949887793    0.3052718228   0.09973927681
34   0.5949887749    0.3052718193   0.09973927171
35   0.5949887703    0.3052718157   0.09973926643
36   0.5949887654    0.3052718118   0.09973926096
37   0.5949887603    0.3052718077   0.09973925526
38   0.594988755     0.3052718033   0.09973924932
39   0.5949887493    0.3052717986   0.0997392431
40   0.5949887433    0.3052717936   0.09973923659
41   0.5949887369    0.3052717882   0.09973922975
42   0.5949887302    0.3052717825   0.09973922255
43   0.5949887231    0.3052717763   0.09973921497
44   0.5949887155    0.3052717697   0.09973920696
45   0.5949887074    0.3052717626   0.0997391985
46   0.5949886988    0.3052717551   0.09973918954
47   0.5949886897    0.3052717469   0.09973918005
48   0.5949886799    0.3052717382   0.09973916998
49   0.5949886682    0.3052717282   0.0997391612
50   0.5949985523    0.3052699627   0.09973387433

 [2,*,*]
:           1                2               3          :=
1    -2.752549991e-06   0.5432947579   0.4567013046
2    -3.79541217e-06    0.645498917    0.3545026616
3    -3.478288194e-06   0.6910032034   0.3089983161
4    -1.888011003e-06   0.710100098    0.289899357
5     2.960080659e-06   0.7179126774   0.2820820881
6     1.511046249e-05   0.72106993     0.2789134745
7     4.259771675e-05   0.7223277597   0.2776302104
8     0.0001014205944   0.7228011124   0.2771024299
9     0.0002182848482   0.7229239317   0.2768683202
10    0.0004283064472   0.7228462396   0.2767370226
11    0.0007963402503   0.722591691    0.2766214686
12    0.001441515713    0.7220996942   0.2764657658
13    0.002574626423    0.7212192817   0.2762109915
14    0.004564511443    0.7196693194   0.2757713574
15    0.008046738756    0.7169524111   0.2750017812
16    0.008144867195    0.7599315349   0.2319237428
17    0.008237053982    0.8003349131   0.1914279983
18    0.008317193378    0.8354390936   0.1562436303
19    0.008382438227    0.863911037    0.1277064117
20    0.008433470914    0.8857418919   0.1058245262
21    0.008474815079    0.9017677389   0.08975732798
22    0.008518896187    0.9131503682   0.07833067748
23    0.008604449772    0.9210096888   0.07038573315
24    0.008867326956    0.9261917179   0.06494149975
25    0.009800069216    0.9289761811   0.06122317272
26    0.01184570445     0.928505651    0.0596482507
27    0.01633934701     0.9248089946   0.05885123442
28    0.02613250692     0.9156910272   0.05817614025
29    0.04706583436     0.8957845494   0.05715021153
30    0.0899975178      0.8547979443   0.05520424478
31    0.1710203449      0.7773897659   0.0515893922
32    0.3024237435      0.6518300289   0.04574572822
33    0.4708294789      0.4909081367   0.03826190568
34    0.6318686043      0.3370242146   0.03110678015
35    0.7480628533      0.2259929646   0.02594478697
36    0.7480628173      0.2259929284   0.02594474093
37    0.748062774       0.2259928887   0.02594469784
38    0.7480627339      0.2259928523   0.02594465914
39    0.7480626962      0.2259928185   0.02594462407
40    0.7480626603      0.2259927865   0.02594459182
41    0.7480626255      0.2259927557   0.02594456163
42    0.748062591       0.2259927253   0.02594453285
43    0.7480625565      0.2259926949   0.02594450497
44    0.7480625217      0.2259926643   0.02594447767
45    0.7480624867      0.2259926335   0.02594445099
46    0.7480624521      0.2259926031   0.02594442543
47    0.7480624187      0.225992574    0.02594440284
48    0.7480623535      0.2259925386   0.02594443046
49    0.7480595353      0.2259932538   0.02594647942
50    0.7482268796      0.2258798254   0.02589198814
;

var Ls [*] :=
1  100.001388
2   40.01344149
;

var x [1,*,*]
:          1               2              3          :=
1    0.005000773267   0.494730034    0.5002660775
2    0.01145558644    0.5882453635   0.400298761
3    0.021287456      0.6185422467   0.360170117
4    0.03579954277    0.6196340446   0.3445662787
5    0.05642263068    0.6064543859   0.3371228728
6    0.08397497071    0.5842974608   0.3317274702
7    0.1177298184     0.5558419129   0.3264281791
8    0.1548819132     0.5241685594   0.3209494438
9    0.1912211812     0.4930984157   0.315680325
10   0.2228782689     0.4660100344   0.3111116238
11   0.2477896011     0.4446889501   0.3075213815
12   0.2658690812     0.4292140184   0.3049168387
13   0.2782340038     0.418630167    0.3031357731
14   0.2863510478     0.4116822731   0.3019666288
15   0.2915371154     0.4072431804   0.3012196595
16   0.2947934166     0.4044559012   0.3007506434
17   0.2968157532     0.4027248549   0.3004593591
18   0.2980632037     0.4016570862   0.3002796837
19   0.2988294524     0.4010012114   0.3001693168
20   0.299298919      0.4005993736   0.300101696
21   0.2995861176     0.4003535537   0.3000603271
22   0.2997616743     0.4002032995   0.3000350369
23   0.299868975      0.4001114791   0.3000195731
24   0.2999346192     0.4000553398   0.3000100901
25   0.2999749268     0.400020977    0.3000041689
26   0.2999771229     0.4000218296   0.3000003183
27   0.2999773524     0.4000221367   0.3000005426
28   0.2999773521     0.4000221375   0.3000005399
29   0.2999773519     0.4000221385   0.3000005372
30   0.2999773517     0.4000221395   0.3000005346
31   0.2999773516     0.4000221405   0.3000005321
32   0.2999773515     0.4000221416   0.3000005297
33   0.2999773515     0.4000221427   0.3000005274
34   0.2999773515     0.4000221439   0.3000005251
35   0.2999773515     0.4000221451   0.300000523
36   0.2999773515     0.4000221463   0.3000005209
37   0.2999773515     0.4000221476   0.3000005189
38   0.2999773516     0.4000221489   0.3000005169
39   0.2999773513     0.4000221496   0.3000005146
40   0.2999773519     0.4000221516   0.3000005133
41   0.299977352      0.400022153    0.3000005116
42   0.2999773522     0.4000221544   0.30000051
43   0.2999773523     0.4000221558   0.3000005084
44   0.2999773525     0.4000221573   0.3000005069
45   0.2999773528     0.4000221588   0.3000005055
46   0.299977353      0.4000221603   0.3000005042
47   0.2999773533     0.4000221618   0.3000005029
48   0.2999773535     0.4000221633   0.3000005018
49   0.2999773519     0.4000221624   0.3000005051
50   0.2999871893     0.4000257216   0.2999871015

 [2,*,*]
:           1               2              3          :=
1    4.035220005e-06   0.3413445293   0.658638972
2    9.299640221e-07   0.4423536159   0.5576358046
3    7.486255774e-07   0.4934727938   0.5065193725
4    1.307230534e-06   0.5162324865   0.4837596302
5    2.571263102e-06   0.5257840726   0.4742069859
6    5.530508112e-06   0.5296916274   0.4702970534
7    1.219415697e-05   0.5312707486   0.4687122108
8    2.655224933e-05   0.5318998437   0.4680703485
9    5.655275247e-05   0.5321365686   0.4678063485
10   0.0001154806032   0.5321979657   0.4676892307
11   0.0002208771674   0.5321590727   0.4676235385
12   0.0004051949211   0.5320317283   0.4675657254
13   0.000728050291    0.5317856273   0.4674878333
14   0.001294902253    0.5313452549   0.4673603885
15   0.002290251994    0.5305699943   0.4671404822
16   0.002418860038    0.5866287116   0.410954008
17   0.002549751936    0.6439213121   0.353529526
18   0.002672712537    0.6977803026   0.2995473931
19   0.002779607987    0.7445752405   0.2526455539
20   0.002866644075    0.7825291622   0.2146046152
21   0.002934730649    0.811630291    0.1854354633
22   0.00298989772     0.8329931653   0.1640174735
23   0.003048708448    0.8481664973   0.1487854718
24   0.003162793642    0.8586431621   0.1381946785
25   0.003513252206    0.86555094     0.1309374053
26   0.004259587983    0.8677788411   0.1279623475
27   0.005896363152    0.8674023678   0.1267022498
28   0.009491822705    0.8644446238   0.1260645627
29   0.01732749951     0.8571492094   0.125524425
30   0.03407657732     0.8412217593   0.1247035803
31   0.06842682828     0.8084278416   0.1231466119
32   0.133254215       0.7464926317   0.1202543515
33   0.2383914709      0.6460310015   0.1155788023
34   0.3731342962      0.5172761123   0.1095909631
35   0.5019826741      0.3941527084   0.1038661343
36   0.5019788147      0.3941496388   0.1038653457
37   0.5019813627      0.394151656    0.10386587
38   0.5019815702      0.3941518243   0.1038659119
39   0.5019817329      0.3941519568   0.1038659475
40   0.5019818682      0.3941520675   0.1038659803
41   0.5019819878      0.3941521655   0.1038660126
42   0.5019821194      0.3941522727   0.1038660502
43   0.5019822617      0.394152388    0.1038660926
44   0.501982435       0.3941525275   0.1038661439
45   0.5019826569      0.3941527052   0.1038662078
46   0.5019829497      0.3941529385   0.103866289
47   0.5019833335      0.3941532431   0.1038663945
48   0.5019837516      0.3941535758   0.1038666981
49   0.5019787392      0.3941523666   0.1038743164
50   0.5022442184      0.3940733367   0.1036895627
;

var :   PC   PR    :=
1   25   25
2   20   20
;