var Vs [*] :=
1  70.11797415
2  39.99997934
;

var y [1,*,*]
:           1                2              3          :=
1    -8.120044119e-08   0.4815155784   0.5184844136
2    -5.810728207e-08   0.6277757445   0.3722241981
3    -5.811336586e-08   0.7180732279   0.2819266983
4    -4.403817587e-08   0.7670352913   0.23296462
5     1.113439473e-08   0.7917285439   0.2082713738
6     9.384181301e-08   0.8037273953   0.1962724142
7     2.922858456e-07   0.8094523337   0.1905472753
8     7.247754998e-07   0.8121598016   0.1878393834
9     1.749579312e-06   0.8134343942   0.1865637914
10    4.082854539e-06   0.814031987    0.1859638664
11    9.367298502e-06   0.814309072    0.1856814998
12    2.131549324e-05   0.8144310433   0.1855475698
13    4.830814137e-05   0.8144699886   0.1854816275
14    0.000109286299    0.8144469259   0.1854437208
15    0.000246975494    0.8143427405   0.1854102231
16    0.0005577479957   0.8140831346   0.1853590389
17    0.00125864674     0.8134862665   0.1852550707
18    0.002836997886    0.8121367458   0.1850262813
19    0.006379362439    0.8091053664   0.184515352
20    0.01427062785     0.8023513123   0.1833783409
21    0.03156213953     0.787550885    0.1808874339
22    0.06811963182     0.7562593859   0.1756216455
23    0.1398823558      0.694833062    0.1652852573
24    0.2622547654      0.5900854731   0.1476598095
25    0.4281590132      0.4480692712   0.1237715546
26    0.4281590258      0.4480692651   0.1237715656
27    0.4281590374      0.4480692594   0.1237715756
28    0.4281590481      0.448069254    0.1237715846
29    0.428159058       0.4480692486   0.123771593
30    0.4281590671      0.4480692435   0.1237716006
31    0.4281590756      0.4480692386   0.1237716077
32    0.4281590834      0.4480692341   0.123771614
33    0.4281590906      0.4480692299   0.1237716196
34    0.4281590973      0.4480692259   0.1237716246
35    0.4281591034      0.4480692222   0.1237716291
36    0.4281591091      0.4480692187   0.1237716331
37    0.4281591144      0.4480692154   0.1237716366
38    0.4281591193      0.4480692121   0.1237716398
39    0.428159124       0.448069209    0.1237716426
40    0.4281591285      0.4480692057   0.123771645
41    0.4281591329      0.4480692025   0.1237716469
42    0.4281591374      0.4480691991   0.1237716483
43    0.428159142       0.4480691956   0.1237716489
44    0.428159147       0.4480691922   0.1237716487
45    0.4281591523      0.4480691891   0.1237716473
46    0.428159158       0.4480691865   0.1237716444
47    0.428159164       0.4480691846   0.1237716399
48    0.4281591708      0.448069185    0.1237716321
49    0.4281597075      0.4480696545   0.1237706248
50    0.4285712392      0.4479824134   0.1234463636

 [2,*,*]
:         1              2               3          :=
1    0.2116565756   0.6812991193   0.1070443612
2    0.3499550187   0.5876027075   0.06244231216
3    0.4704296328   0.4824761263   0.04709424541
4    0.558880304    0.4005720852   0.04054760049
5    0.6157840221   0.3470097431   0.0372062221
6    0.6492857493   0.3153218973   0.03539235057
7    0.6679768951   0.2976163392   0.03440675952
8    0.6780909947   0.288031059    0.03387794427
9    0.6834731113   0.2829295859   0.03359730077
10   0.6863116064   0.2802389813   0.03344941576
11   0.687801532    0.2788266535   0.03337181179
12   0.6885816485   0.2780871771   0.03333117962
13   0.6889895789   0.2777004922   0.03330992701
14   0.6892027483   0.2774983928   0.03329885726
15   0.6893141266   0.2773928418   0.03329302959
16   0.6893722664   0.2773377335   0.03329000006
17   0.6894026171   0.2773088579   0.03328852037
18   0.6894184699   0.2772939224   0.0332876047
19   0.6894267535   0.2772860815   0.03328716518
20   0.6894310982   0.2772819069   0.03328700297
21   0.6894333507   0.2772798228   0.03328682584
22   0.6894345286   0.2772786478   0.03328682491
23   0.6894351502   0.2772781303   0.03328671734
24   0.6894354754   0.2772778391   0.03328669344
25   0.6894356411   0.2772776068   0.0332867537
26   0.6894357587   0.2772775648   0.0332866733
27   0.6894357979   0.2772775433   0.03328666014
28   0.6894358097   0.2772775241   0.03328665244
29   0.6894358287   0.2772775135   0.03328665177
30   0.6894358381   0.2772775413   0.03328663585
31   0.6894358393   0.2772775264   0.03328662865
32   0.6894358371   0.2772775314   0.03328662531
33   0.6894358528   0.2772775637   0.03328662876
34   0.6894358541   0.277277558    0.03328663465
35   0.6894357657   0.2772774771   0.03328676079
36   0.6894357761   0.277277484    0.03328673921
37   0.6894357886   0.2772774893   0.0332867206
38   0.6894357992   0.2772774938   0.03328670507
39   0.6894358074   0.277277498    0.03328669254
40   0.6894358135   0.2772775019   0.03328668275
41   0.6894358182   0.2772775052   0.03328667523
42   0.689435822    0.277277508    0.03328666955
43   0.6894358251   0.2772775102   0.03328666545
44   0.6894358275   0.2772775121   0.03328666278
45   0.6894358291   0.2772775141   0.03328666128
46   0.6894358302   0.2772775162   0.03328666043
47   0.6894358311   0.2772775184   0.03328665989
48   0.6894358321   0.2772775207   0.03328665953
49   0.6894358332   0.2772775231   0.0332866593
50   0.6894354783   0.2772773826   0.03328664199
;

var Ls [*] :=
1  100.117972
2   70
;

var x [1,*,*]
:           1                2              3          :=
1     1.664145338e-08   0.2880414288   0.7119586279
2    -4.993564693e-08   0.4235417331   0.576458294
3    -3.067092311e-08   0.5259755512   0.4740244349
4    -2.631783165e-08   0.5892157041   0.4107842645
5    -1.104015318e-08   0.6235064526   0.3764934991
6     3.398032765e-08   0.6408004501   0.3591995003
7     9.914792975e-08   0.6492038828   0.3507959852
8     2.463261772e-07   0.6532133545   0.3467863672
9     5.58261321e-07    0.6551095334   0.3448898842
10    1.286102098e-06   0.6560021904   0.3439965214
11    2.931119785e-06   0.6564207099   0.343576361
12    6.6443075e-06     0.6566147598   0.3433786062
13    1.502510446e-05   0.656700175    0.3432848077
14    3.394402233e-05   0.6567274437   0.3432386254
15    7.666509485e-05   0.6567112829   0.3432120782
16    0.0001731131641   0.6566383097   0.3431886174
17    0.0003907804226   0.6564564847   0.3431527721
18    0.0008816765147   0.6560384585   0.3430799564
19    0.001987098302    0.6550933085   0.3429197244
20    0.004468026102    0.6529702619   0.3425618924
21    0.009994719204    0.648240029    0.3417655824
22    0.02210490788     0.6378744869   0.3400210668
23    0.04770808727     0.6159593689   0.3363331511
24    0.09796736819     0.5729392174   0.3290940255
25    0.1836713096      0.499578871    0.3167499789
26    0.1836694388      0.4995658873   0.3167645613
27    0.1836694468      0.4995659154   0.3167645284
28    0.1836694467      0.4995659171   0.3167645285
29    0.1836694366      0.499565969    0.316764489
30    0.18366945        0.4995659124   0.3167645314
31    0.1836694468      0.4995659162   0.3167645277
32    0.1836694386      0.4995659123   0.3167645446
33    0.1836694324      0.4995659076   0.3167645563
34    0.1836694375      0.4995659184   0.3167645404
35    0.1836694361      0.4995659014   0.3167645606
36    0.183669439       0.4995659182   0.3167645413
37    0.1836694361      0.4995658944   0.3167645674
38    0.1836694366      0.499565892    0.3167645682
39    0.1836694365      0.49956589     0.3167645701
40    0.1836694368      0.4995658949   0.3167645679
41    0.1836694374      0.4995658922   0.3167645661
42    0.1836694369      0.4995658985   0.316764564
43    0.1836694375      0.4995658983   0.3167645642
44    0.1836694375      0.4995658966   0.3167645652
45    0.183669438       0.4995658981   0.3167645634
46    0.1836694381      0.4995658981   0.3167645636
47    0.1836694412      0.4995659217   0.3167645372
48    0.1836694374      0.4995659024   0.3167645602
49    0.1836696808      0.4995665015   0.3167637204
50    0.1839847666      0.4998450451   0.3161700788

 [2,*,*]
:         1              2              3          :=
1    0.0807527066   0.6755891141   0.2436588031
2    0.1555548577   0.6788517757   0.1655933764
3    0.2345824983   0.6253109991   0.1401065072
4    0.3034250954   0.5652387013   0.131336192
5    0.3539683038   0.5184364205   0.127595259
6    0.38648469     0.4878293884   0.1256859062
7    0.4056285169   0.4697220618   0.124649414
8    0.4163091592   0.4596046093   0.1240862241
9    0.4220886354   0.4541273126   0.1237840483
10   0.4251641234   0.4512121894   0.123623684
11   0.4267861147   0.4496747043   0.1235391812
12   0.4276374956   0.4488676624   0.1234948384
13   0.4280832719   0.4484451067   0.1234716221
14   0.4283163708   0.4482241459   0.1234594797
15   0.4284381778   0.4481086624   0.1234531559
16   0.4285018186   0.4480483494   0.1234498276
17   0.4285350376   0.4480168605   0.1234480983
18   0.4285523772   0.4480003615   0.1234472547
19   0.4285614324   0.4479918281   0.1234467334
20   0.4285661627   0.4479873483   0.1234464843
21   0.4285686422   0.4479849636   0.1234463939
22   0.4285699262   0.4479837733   0.123446295
23   0.4285705962   0.4479831026   0.123446297
24   0.4285709483   0.4479828074   0.1234462384
25   0.4285711309   0.4479826413   0.1234462282
26   0.4285712221   0.4479825086   0.1234462666
27   0.4285712856   0.4479824843   0.1234462255
28   0.4285713039   0.4479824715   0.1234462236
29   0.4285713061   0.4479824598   0.1234462259
30   0.428571312    0.4479824527   0.1234462332
31   0.428571312    0.4479824673   0.1234462328
32   0.4285713069   0.4479824568   0.1234462386
33   0.4285712996   0.4479824571   0.1234462476
34   0.4285713022   0.4479824721   0.1234462616
35   0.4285712965   0.4479824646   0.1234462779
36   0.4285713493   0.4479825079   0.123446145
37   0.4285713492   0.4479825041   0.1234461416
38   0.4285713486   0.4479825035   0.1234461425
39   0.4285713503   0.4479825064   0.1234461376
40   0.4285713492   0.447982507    0.123446138
41   0.4285713501   0.4479825037   0.1234461402
42   0.4285713478   0.447982506    0.1234461402
43   0.4285713474   0.4479825042   0.1234461424
44   0.428571359    0.4479825209   0.1234461141
45   0.4285713642   0.4479825124   0.1234461174
46   0.4285713636   0.4479825119   0.1234461184
47   0.428571363    0.4479825087   0.1234461222
48   0.4285713639   0.4479825116   0.1234461184
49   0.4285713638   0.4479825116   0.1234461184
50   0.4285711615   0.4479827771   0.1234460594
;

var :   PC   PR    :=
1    0   30
2   40   30
;