var V [*] :=
 1  49.39024551
 2  49.53992716
 3  49.67296914
 4  49.78427455
 5  49.86990949
 6  49.93121412
 7  49.97281927
 8  50.00005752
 9  50.0000548
10  50.00005475
11  50.00005486
12  50.00005484
13  50.00005484
14  50.00005484
15   0
;

var y [*,*]
:         1              2              3          :=
1    0.192054027    0.4885990099   0.3193469671
2    0.2861566242   0.4552831933   0.2585601827
3    0.3623223849   0.4143673697   0.2233102538
4    0.4189314548   0.378942538    0.2021260139
5    0.4583999003   0.3525239415   0.1890762072
6    0.4847025604   0.3343470343   0.1809503867
7    0.5017050903   0.3224119454   0.1758829204
8    0.5124791657   0.3147898595   0.1727309259
9    0.5124791918   0.3147898748   0.1727309339
10   0.5124791923   0.3147898749   0.172730934
11   0.5124791913   0.3147898746   0.1727309338
12   0.5124791915   0.3147898747   0.1727309338
13   0.5124791915   0.3147898747   0.1727309338
14   0.5124791915   0.3147898747   0.1727309338
15   0.5124793579   0.3147898067   0.1727308354
;

var L [*] :=
 1   0
 2  99.39022861
 3  99.53991029
 4  99.6729533
 5  99.78425927
 6  99.8698924
 7  99.93119439
 8  99.97280038
 9   3.843371847e-05
10   3.817638064e-05
11   3.81655778e-05
12   3.819126757e-05
13   3.818203683e-05
14   3.818247907e-05
15   3.818276222e-05
;

var x [*,*]
:         1              2              3          :=
1    0.087520474    0.4852100682   0.4272691364
2    0.1394666201   0.48689424     0.373639151
3    0.186379533    0.4703158815   0.343304589
4    0.2244706467   0.4499050193   0.3256243308
5    0.2528677606   0.4321912502   0.3149409792
6    0.2727186795   0.4189535048   0.3083278448
7    0.2859748756   0.4098305646   0.3041945816
8    0.2945565314   0.4038332248   0.3016102445
9    0.2945565321   0.4038332244   0.3016102427
10   0.2945565326   0.4038332234   0.3016102418
11   0.2945565348   0.4038332226   0.3016102433
12   0.2945565325   0.4038332245   0.301610243
13   0.2945565328   0.4038332242   0.301610243
14   0.2945565328   0.4038332243   0.3016102429
15   0.2945566724   0.4038332044   0.3016101232
;

var PC = 50.00001665;
var PR = 50;

var T [*] :=
 1  369.7320841
 2  367.5782525
 3  365.8695101
 4  364.5903254
 5  363.6844643
 6  363.0714446
 7  362.6703099
 8  362.4138744
 9  362.4138759
10  362.4138759
11  362.4138758
12  362.4138758
13  362.4138758
14  362.4138758
15  362.4138712
;

var TF = 362.2524956;
var QC = 511.5077325;
var QR = 533.4148048;

