
2767   'PrS[2,10,3]'           17781.2
2768   'PrS[2,11,1]'          104693
2769   'PrS[2,11,2]'           40348.6
2770   'PrS[2,11,3]'           17573.3
2771   'PrS[2,12,1]'          102823
2772   'PrS[2,12,2]'           39542.7
2773   'PrS[2,12,3]'           17185.7
2774   'PrS[2,13,1]'           99487.3
2775   'PrS[2,13,2]'           38109.9
2776   'PrS[2,13,3]'           16498.7
2777   'PrS[2,14,1]'           93889.3
2778   'PrS[2,14,2]'           35718
2779   'PrS[2,14,3]'           15357.6
2780   'PrS[2,15,1]'           84661.4
2781   'PrS[2,15,2]'           31813
2782   'PrS[2,15,3]'           13511.5
2783   'PrS[2,16,1]'           78059.9
2784   'PrS[2,16,2]'           29050.3
2785   'PrS[2,16,3]'           12219.3
2786   'PrS[2,17,1]'           70931.9
2787   'PrS[2,17,2]'           26098.8
2788   'PrS[2,17,3]'           10852.7
2789   'PrS[2,18,1]'           62422.9
2790   'PrS[2,18,2]'           22622.2
2791   'PrS[2,18,3]'            9263.51
2792   'PrS[2,19,1]'           53914.8
2793   'PrS[2,19,2]'           19202.3
2794   'PrS[2,19,3]'            7725.06
2795   'PrS[2,20,1]'           47345.7
2796   'PrS[2,20,2]'           16605.4
2797   'PrS[2,20,3]'            6575.71
2798   'PrS[2,21,1]'           44979.9
2799   'PrS[2,21,2]'           15680.4
2800   'PrS[2,21,3]'            6170.73
2801   'PrS[2,22,1]'           42978.3
2802   'PrS[2,22,2]'           14902.3
2803   'PrS[2,22,3]'            5832.03
2804   'PrS[2,23,1]'           40898.1
2805   'PrS[2,23,2]'           14098.2
2806   'PrS[2,23,3]'            5483.99
2807   'PrS[2,24,1]'           38678.3
2808   'PrS[2,24,2]'           13245.5
2809   'PrS[2,24,3]'            5117.25
2810   'PrS[2,25,1]'           36490.3
2811   'PrS[2,25,2]'           12410.7
2812   'PrS[2,25,3]'            4760.63
2813   'PrS[2,26,1]'           34567.4
2814   'PrS[2,26,2]'           11682
2815   'PrS[2,26,3]'            4451.42
2816   'PrS[2,27,1]'           33059
2817   'PrS[2,27,2]'           11113.7
2818   'PrS[2,27,3]'            4211.71
2819   'PrS[2,28,1]'           31983
2820   'PrS[2,28,2]'           10710.2
2821   'PrS[2,28,3]'            4042.31
2822   'PrS[2,29,1]'           31267.9
2823   'PrS[2,29,2]'           10442.9
2824   'PrS[2,29,3]'            3930.47
2825   'PrS[2,30,1]'           30815.2
2826   'PrS[2,30,2]'           10274.1
2827   'PrS[2,30,3]'            3859.98
2828   'PrSF[1]'               62118.8
2829   'PrSF[2]'               22498.9
2830   'PrSF[3]'                9207.62
2831   Vap                        99.9468
2832   yPC1                        0
2833   yPR1                        0
2834   yPS                         1
2835   Sep                        80