set C := 1, 2, 3;

param alpha := 1 5.9659 2 2.2954 3 1;

#large
param ns :=	1	30 
			2	30;		 
param fn := 15;
param ccn := 20;
param crn := 10;
param psn := 15;

var Vs [*] :=
1  41.54307565
2  41.17217272
;

var y [1,*,*]
:         1              2               3          :=
1    0.3370386824   0.4735906762   0.1893706619
2    0.465765559    0.406619723    0.127614732
3    0.5332569166   0.3566094166   0.1101336841
4    0.5662400757   0.3296568409   0.1041030866
5    0.5817824719   0.3165559349   0.1016615974
6    0.5889714321   0.3104339114   0.10059466
7    0.5922662067   0.3076184961   0.1001152998
8    0.5937696082   0.3063323432   0.09989805035
9    0.5944541721   0.305746474    0.0997993551
10   0.5947655309   0.3054799694   0.09975450059
11   0.5949070485   0.3053588334   0.09973411873
12   0.5949713571   0.3053037857   0.09972485752
13   0.5950005817   0.3052787695   0.0997206487
14   0.595013851    0.3052674116   0.09971873681
15   0.5950198639   0.3052622677   0.0997178675
16   0.5950695778   0.3053764872   0.09955393414
17   0.5951432618   0.3055457772   0.09931096018
18   0.595252347    0.3057963961   0.09895125624
19   0.5954135675   0.306166768    0.09841966387
20   0.5956512548   0.3067126943   0.09763605032
21   0.5960004606   0.3075142673   0.09648527146
22   0.5965111246   0.3086843147   0.09480456019
23   0.5972538377   0.3103767896   0.09236937216
24   0.5983298611   0.3127891886   0.0888809498
25   0.5998984418   0.3161392069   0.08396235086
26   0.6022793182   0.320548201    0.07717248043
27   0.6063641344   0.3255931684   0.06804269684
28   0.6151880369   0.3286928366   0.05611912616
29   0.6392064819   0.3197874944   0.04100602362
30   0.7084836038   0.2686903413   0.02282604836

 [2,*,*]
:           1               2              3          :=
1    0.0003465461905   0.4962941545   0.5033592931
2    0.0009101376049   0.6178446854   0.3812451773
3    0.002051785027    0.6817311672   0.3162170492
4    0.004333237311    0.7114510286   0.284215735
5    0.008865217065    0.7225376703   0.268597115
6    0.01779094553     0.7221401734   0.2600688839
7    0.0350718201      0.7114203834   0.253507799
8    0.06742852603     0.6870409701   0.2455305058
9    0.1243673696      0.6423574725   0.2332751591
10   0.2144031071      0.5710124966   0.2145843967
11   0.2144031105      0.5710124934   0.2145843964
12   0.2144031133      0.5710124908   0.2145843962
13   0.2144031152      0.5710124889   0.214584396
14   0.2144031165      0.5710124876   0.2145843959
15   0.2144031173      0.5710124869   0.2145843958
16   0.2144031177      0.5710124864   0.2145843957
17   0.2144031179      0.5710124862   0.2145843957
18   0.214403118       0.571012486    0.2145843956
19   0.2144031181      0.5710124859   0.2145843956
20   0.2144031181      0.5710124858   0.2145843955
21   0.214403118       0.5710124858   0.2145843955
22   0.214403118       0.5710124858   0.2145843955
23   0.214403118       0.5710124858   0.2145843954
24   0.2144031179      0.5710124859   0.2145843954
25   0.214403118       0.5710124865   0.2145843946
26   0.2144031193      0.5710125029   0.2145843768
27   0.2144031545      0.5710128855   0.2145839589
28   0.2144043265      0.571021568    0.2145741044
29   0.2144627651      0.5712001097   0.214337124
30   0.2185767638      0.5731450746   0.2082781736
;

var Ls [*] :=
1  111.5430746
2   71.17217218
;

var x [1,*,*]
:         1              2               3          :=
1    0.124935605    0.4562755656   0.418788846
2    0.2039312215   0.4627243981   0.3333443772
3    0.25187423     0.4377817473   0.3103440186
4    0.2770106925   0.4191559205   0.3038333843
5    0.289294949    0.4091177106   0.3015873514
6    0.2950835396   0.4042384166   0.3006780454
7    0.2977609818   0.4019583417   0.3002806778
8    0.2989880744   0.4009097799   0.3001021469
9    0.2995479907   0.4004307742   0.3000212359
10   0.2998029483   0.4002125743   0.299984478
11   0.2999189177   0.4001133115   0.2999677714
12   0.2999716333   0.400068188    0.2999601791
13   0.2999955902   0.400047681    0.2999567291
14   0.3000064767   0.4000383622   0.2999551613
15   0.30001142     0.4000341309   0.299954449
16   0.3001320405   0.4003112639   0.2995566949
17   0.3003109584   0.4007223346   0.2989667063
18   0.3005761439   0.4013316025   0.2980922529
19   0.300968737    0.4022335697   0.2967976926
20   0.3015489632   0.4035665237   0.2948845124
21   0.3024043904   0.4055312913   0.2920643176
22   0.3036611687   0.4084161216   0.287922709
23   0.3054990285   0.4126270766   0.2818738942
24   0.3081720245   0.4187182281   0.2731097466
25   0.3120445909   0.4274003587   0.2605550496
26   0.3176898525   0.4394569444   0.2428532022
27   0.326258535    0.4553247433   0.2184167209
28   0.3409596319   0.4734813857   0.1855589817
29   0.3727165219   0.4846369701   0.1426465074
30   0.4591580132   0.4525869952   0.08825499155

 [2,*,*]
:           1               2              3          :=
1    8.072174651e-05   0.3004495649   0.6994697002
2    0.0002344979903   0.4137431067   0.5860223942
3    0.0005605285044   0.484058502    0.5153809721
4    0.001220956862    0.5210159977   0.4777630488
5    0.002540747479    0.5382085495   0.4592507062
6    0.005162438887    0.5446220269   0.4502155383
7    0.01032585666     0.5443920799   0.4452820678
8    0.02032261753     0.538190821    0.4414865656
9    0.03904055018     0.5240876483   0.4368718054
10   0.07197892847     0.4982388279   0.4297822471
11   0.07197893019     0.4982388268   0.4297822427
12   0.07197893082     0.4982388259   0.4297822424
13   0.07197893117     0.4982388253   0.4297822425
14   0.07197893137     0.4982388249   0.4297822427
15   0.0719789315      0.4982388246   0.4297822428
16   0.07197893159     0.4982388245   0.4297822429
17   0.07197893165     0.4982388244   0.4297822429
18   0.0719789317      0.4982388243   0.4297822429
19   0.07197893176     0.4982388243   0.429782243
20   0.07197893182     0.4982388242   0.429782243
21   0.07197893189     0.4982388241   0.4297822431
22   0.07197893197     0.498238824    0.4297822431
23   0.07197893206     0.4982388238   0.4297822432
24   0.07197893215     0.4982388237   0.4297822434
25   0.0719789323      0.4982388245   0.4297822424
26   0.07197893427     0.498238849    0.429782216
27   0.0719789814      0.4982394275   0.4297815904
28   0.07198022163     0.4982528673   0.4297669104
29   0.07202139143     0.4985578437   0.4294207635
30   0.07407405739     0.5048291264   0.4210968133
;

var :   PC   PR    :=
1   30    0
2   40   30
;