set C := 1, 2, 3;

param alpha := 1 5.9659 2 2.2954 3 1;

#large
param ns :=	1	30 
			2	30;		 
param fn := 15;
param ccn := 20;
param crn := 10;
param psn := 15;

var Vs [*] :=
1  50.02182454
2  20.41963467
;

var y [1,*,*]
:          1              2              3          :=
1    0.02633368353   0.6751416413   0.2985246748
2    0.05467902809   0.7283627327   0.2169582403
3    0.09521182605   0.720500913    0.1842872598
4    0.1500169547    0.6823338494   0.167649196
5    0.2182371965    0.6266574681   0.1551053355
6    0.2945674627    0.5621230922   0.1433094448
7    0.3702800495    0.4975381      0.1321818516
8    0.4368744006    0.440593302    0.1225322965
9    0.4895210636    0.3955435626   0.1149353757
10   0.5277365262    0.3628356158   0.1094278564
11   0.5537909052    0.3405346308   0.1056744656
12   0.5708035622    0.3259724959   0.1032239409
13   0.5816011818    0.3167301146   0.1016687048
14   0.5883311581    0.3109694771   0.1006993662
15   0.5924785688    0.3074194281   0.1001020033
16   0.5924785688    0.307419428    0.1001020033
17   0.5924785689    0.307419428    0.1001020033
18   0.5924785689    0.3074194281   0.1001020034
19   0.592478569     0.3074194281   0.1001020034
20   0.592478569     0.3074194281   0.1001020034
21   0.592478569     0.3074194282   0.1001020035
22   0.5924785691    0.3074194282   0.1001020035
23   0.5924785691    0.3074194282   0.1001020035
24   0.5924785692    0.3074194283   0.1001020036
25   0.5924785692    0.3074194283   0.1001020036
26   0.5924785693    0.3074194283   0.1001020036
27   0.5924785693    0.3074194284   0.1001020037
28   0.59247857      0.3074194279   0.1001020037
29   0.5924786369    0.3074194427   0.100101922
30   0.5926071693    0.3073782137   0.1000146183

 [2,*,*]
:           1               2               3          :=
1    4.162468494e-05   0.5544047947   0.4455535683
2    9.789372665e-05   0.6561581973   0.3437439155
3    0.0001964293182   0.7009973259   0.2988062511
4    0.0003692715847   0.7195495688   0.2800811627
5    0.0006734899458   0.7268943899   0.2724321294
6    0.001209783098    0.7295186735   0.269271546
7    0.002155193053    0.7299927934   0.2678520131
8    0.003819629842    0.7291686003   0.26701177
9    0.006741534932    0.7270617182   0.2661967469
10   0.01184394896     0.7231210649   0.2650349796
11   0.01220095602     0.7776319003   0.2101671375
12   0.01306564364     0.8253372142   0.1615971365
13   0.01591369176     0.8617541875   0.1223320939
14   0.02611648276     0.8813331981   0.09255030336
15   0.06188850201     0.8679252153   0.07018628166
16   0.1326878398      0.8088201806   0.05849197792
17   0.2552186286      0.6951104928   0.04967087753
18   0.4250844344      0.5340323476   0.04088321745
19   0.6002207988      0.3670797374   0.03269946389
20   0.7334435363      0.2398892027   0.02666725991
21   0.7334435588      0.2398891815   0.02666725917
22   0.7334435597      0.239889181    0.02666725924
23   0.7334435598      0.2398891811   0.02666725938
24   0.7334435601      0.2398891815   0.02666725926
25   0.7334435617      0.2398891834   0.02666725629
26   0.7334435821      0.2398892061   0.02666721374
27   0.7334438986      0.2398894602   0.02666664388
28   0.7334500025      0.2398910303   0.02665897066
29   0.7336069859      0.2398395799   0.02655343804
30   0.7386826582      0.2362940066   0.02502510878
;

var Ls [*] :=
1  100.0218246
2   40.41959918
;

var x [1,*,*]
:          1               2              3          :=
1    0.007392860914   0.4926217588   0.4999853825
2    0.01686533972    0.5839016135   0.399233049
3    0.03104110422    0.6105179624   0.3584409326
4    0.05131192591    0.6065861987   0.3421018779
5    0.07872046947    0.5874984984   0.3337810316
6    0.1128380326     0.5596542376   0.3275077309
7    0.1510114946     0.5273800057   0.3216085015
8    0.1888760451     0.4950804659   0.3160434877
9    0.2221804903     0.4666018528   0.3112176603
10   0.2485095602     0.4440720688   0.3074183687
11   0.2676214662     0.4277145274   0.3046640096
12   0.2806514927     0.4165616008   0.3027869045
13   0.2891596818     0.4092789463   0.3015613743
14   0.2945596659     0.4046567457   0.3007835873
15   0.2979253904     0.4017757998   0.3002988116
16   0.2979253911     0.4017757998   0.3002988093
17   0.2979253909     0.4017758      0.3002988091
18   0.2979253912     0.4017757997   0.3002988093
19   0.2979253909     0.4017757999   0.3002988092
20   0.2979253913     0.4017758      0.300298809
21   0.297925391      0.4017757998   0.3002988092
22   0.2979253911     0.4017758001   0.300298809
23   0.2979253911     0.4017758      0.3002988091
24   0.2979253909     0.4017757999   0.3002988091
25   0.2979253909     0.4017758      0.3002988092
26   0.297925391      0.4017757999   0.3002988093
27   0.297925391      0.4017758      0.300298809
28   0.2979253909     0.4017758001   0.300298809
29   0.297925477      0.4017759016   0.3002986215
30   0.2980649514     0.4018229597   0.3001120891

 [2,*,*]
:           1               2               3          :=
1    1.01561447e-05    0.3515231504   0.6484649386
2    2.605564407e-05   0.454017625    0.5459563222
3    5.448412367e-05   0.5054226021   0.4945229257
4    0.0001042658546   0.5280749154   0.4718208306
5    0.0001915876101   0.5374473136   0.4623611092
6    0.0003452798148   0.5411578332   0.4584969005
7    0.000616215341    0.5424835871   0.4569002078
8    0.001093833488    0.5427231009   0.4561830742
9    0.001934697844    0.5423067201   0.4557585907
10   0.003410825607    0.5412423373   0.4553468456
11   0.003711690127    0.6148531292   0.3814351908
12   0.004184601554    0.6870398636   0.3087755484
13   0.005330019726    0.7502139853   0.2444560165
14   0.009102243721    0.7984389839   0.1924587827
15   0.02261437513     0.824365835    0.153019827
16   0.05135049423     0.8135947568   0.1350547808
17   0.1082239277      0.7661153462   0.1256607383
18   0.206653025       0.6747722318   0.1185747473
19   0.3431062389      0.5453781427   0.1115156209
20   0.4837932926      0.4112650986   0.1049416114
21   0.4837932489      0.4112651319   0.1049416194
22   0.4837932487      0.4112651319   0.1049416193
23   0.483793249       0.411265132    0.1049416192
24   0.4837932489      0.4112651322   0.1049416186
25   0.4837932539      0.4112651388   0.1049416073
26   0.4837933229      0.4112652244   0.1049414527
27   0.4837943049      0.4112663169   0.1049393775
28   0.4838096899      0.4112786645   0.1049116454
29   0.4841068538      0.411354989    0.1045381567
30   0.4917591719      0.4088500395   0.09939077608
;

var :   PC   PR    :=
1   25   25
2   20   20
;